0.528130737844 0.31014032426 0.563044521889 
0.528130737844 0.31014032426 0.820939475002 0.892695320188 -0.0423680947568 
0.528130737844 0.31014032426 -0.0650175602214 0.7 
-0.155692038207 -0.0559679024603 0.0519473089615 0.0749639722999 0.31097560648 0.195574381543 0.197577675632 
-0.244424785209 -1.36647484148 -0.155692038207 -0.0559679024603 0.0708608557 
-0.155692038207 -0.0559679024603 0.000963026936404 0.559891266035 0.623764143199 0.247004392946 
-0.155692038207 -0.0559679024603 0.688105650657 0.623764143199 0.113063313055 
-0.155692038207 -0.0559679024603 0.778996253057 0.195574381543 0.354579919549 
-0.155692038207 -0.0559679024603 0.464644629904 0.111355372686 
-0.155692038207 -0.0559679024603 1.04239025585 
-0.155692038207 -0.0559679024603 0.582795797063 0.301060574527 0.386135423664 0.197577675632 
-0.20882435516 0.20167293714 -0.442591088063 -0.433646848968 -0.451238701822 
0.716413458768 0.247004392946 
-0.0423680947568 
0.735138682996 0.197577675632 
0.195574381543 0.00379066103573 0.122616543869 0.120114820746 -0.158379377803 0.415697963239 
-0.0423680947568 -0.0650175602214 0.0749639722999 -0.291850748858 0.00308220966365 0.119163717273 
0.31014032426 0.454400317212 0.197577675632 
0.31014032426 -0.977285307205 0.197577675632 
0.136582101729 0.220219770823 -0.339990019188 0.301060574527 0.31014032426 
0.31014032426 -0.155692038207 0.0200793724637 -0.272757488049 -0.473741824605 
0.322674682001 0.0804959805722 0.121572187398 0.151749251699 0.00139685673013 0.168606076093 
0.31014032426 0.735138682996 0.113063313055 
-0.272757488049 -0.473741824605 0.31014032426 -0.0319554320005 
-0.0423680947568 0.122616543869 1.2393533123 
0.17559308976 0.735138682996 0.386135423664 0.197577675632 
0.31014032426 0.81907877633 0.301060574527 0.195574381543 0.380039416317 
0.31014032426 0.805861022352 0.301060574527 0.557161996082 
0.0200793724637 0.121572187398 0.386135423664 -0.0319554320005 
0.31014032426 0.914156440666 -0.122244895412 0.0177272745409 
0.31014032426 
0.17559308976 0.280031947626 0.382033131691 0.301060574527 0.264486895225 
0.31014032426 0.794310812364 0.867716460208 0.27422569481 
0.842628724129 0.557161996082 0.278846153846 
0.31014032426 0.90758067288 0.107127022275 0.113063313055 
0.172616624597 0.31014032426 0.0565124193096 0.151749251699 0.0519473089615 -0.216647072398 0.156605440337 
0.31014032426 1.10749329478 -0.223658257257 0.322427751047 
0.31014032426 0.525062327857 0.331566365243 0.121572187398 0.623764143199 
0.31014032426 0.81907877633 0.301060574527 0.197577675632 
0.31014032426 0.960316044073 0.221215536982 0.322427751047 
0.373732401463 0.31014032426 0.0511144352608 -0.017524395253 0.380039416317 -0.360564915621 0.559891266035 -0.0492713813097 0.0511144352608 0.380039416317 
0.913875386396 0.197577675632 
0.842628724129 0.484815279495 0.322427751047 
0.716413458768 0.0953955737025 0.197577675632 
-0.715524453627 0.197577675632 -0.249678983393 
0.0211804185866 
0.0749639722999 0.197577675632 -0.959224820198 
0.0370558750278 0.20167293714 0.151749251699 
-0.715524453627 0.197577675632 -0.244424785209 -0.249678983393 
0.394144598897 0.764322988074 0.197577675632 
0.292197011621 -0.158379377803 0.00139685673013 0.168606076093 
0.913875386396 0.17859564279 
-0.186974883501 0.00208565722614 
0.197577675632 
0.17859564279 0.156605440337 
0.90758067288 0.327913017055 0.322427751047 
-0.715524453627 0.197577675632 0.316761208414 -0.249678983393 
0.960316044073 0.221215536982 0.322427751047 
0.665165678428 
-0.186974883501 -0.153334173175 -0.182883379277 -0.249678983393 
0.877360228424 0.971656723105 0.322427751047 
-0.742395548547 0.113063313055 
0.355453408933 0.301060574527 0.197577675632 
0.283354893654 0.0749639722999 0.00308220966365 0.106639377277 
-0.61956390524 -0.552297181585 0.197577675632 0.220069547938 
0.877360228424 0.971656723105 0.197577675632 0.573497507668 
-0.20882435516 -0.309691629571 
-0.879719102754 7.8345342539e-05 -0.318784547598 
-1.63480885937e-05 0.239334645093 7.8345342539e-05 -0.318784547598 
0.120114820746 -0.692393449921 0.368503765957 
-0.0423680947568 -0.0650175602214 0.31014032426 
-0.0423680947568 0.759808938929 0.226448115676 0.31014032426 
0.301060574527 0.00379066103573 0.341480974001 7.8345342539e-05 0.277692022551 0.300523575271 
0.31014032426 0.892695320188 
0.31014032426 0.518766831718 0.222064965623 0.118793119665 
0.31014032426 0.794310812364 0.222064965623 
0.354747946296 0.31014032426 0.960316044073 0.301060574527 0.195574381543 0.380039416317 
-0.0423680947568 0.81907877633 -0.153202179508 0.197577675632 
-0.0423680947568 0.81907877633 0.197577675632 0.17559308976 
-0.0423680947568 0.00308220966365 0.301060574527 0.106639377277 -0.219865122916 7.8345342539e-05 0.168606076093 
0.31014032426 -0.0845337437771 0.197577675632 0.354747946296 0.210776464608 0.674006961553 
0.31014032426 1.28132000219 -0.825729680701 -0.00696213774368 0.0690244117982 0.267850845918 -0.364312415494 
0.31014032426 0.464644629904 0.0749639722999 0.206820365034 0.184725365028 0.31014032426 0.0370558750278 
0.31014032426 0.280031947626 0.382033131691 0.278846153846 
0.342092918414 0.0905857794089 
0.184725365028 0.541879528532 0.31014032426 0.764322988074 0.301060574527 
0.197577675632 0.195574381543 0.00379066103573 -0.735824069727 
0.184725365028 0.280031947626 0.716413458768 0.118793119665 
0.136582101729 0.303979772187 0.165420718701 0.289835544377 0.119163717273 
0.136582101729 0.280031947626 0.270948339473 0.165420718701 
0.136582101729 0.81907877633 0.197577675632 
0.136582101729 0.213716990415 
0.136582101729 0.307226866268 0.301060574527 -0.0319554320005 0.455812548712 
0.81907877633 0.121572187398 0.195574381543 0.113063313055 
0.156605440337 -0.20882435516 -0.38090679962 -0.142974884524 -0.442591088063 
0.136582101729 0.387885667047 0.119163717273 0.106639377277 0.172616624597 
-0.364312415494 0.0548536912259 0.31014032426 0.4581586846 0.375537435137 
0.387885667047 0.0548536912259 0.322674682001 0.81907877633 0.197577675632 
0.136582101729 0.0548536912259 -0.0319554320005 -0.017524395253 -0.38090679962 
-0.552297181585 0.197577675632 -0.442591088063 -0.244424785209 
0.0519473089615 0.0574873992758 -0.186974883501 
0.136582101729 0.81907877633 0.327913017055 0.322427751047 
0.387885667047 0.559891266035 0.247004392946 
-0.589481466362 -0.0319554320005 -0.524013805446 -0.186974883501 
0.136582101729 0.270948339473 
0.0548536912259 0.31014032426 0.367947817948 0.183007940797 0.139899691719 
0.136582101729 0.0211804185866 
0.136582101729 0.688105650657 0.113063313055 
0.0548536912259 0.322674682001 -0.552297181585 0.197577675632 -0.442591088063 -0.186974883501 
0.387885667047 0.140962538252 0.322674682001 0.136582101729 1.39401430504 0.00308220966365 0.121572187398 0.264486895225 
-0.234928920794 0.735138682996 
0.140962538252 0.139899691719 
0.0804959805722 0.0841272892162 -0.108424236809 0.136582101729 0.165420718701 0.238095238095 0.31014032426 
0.512799464736 0.7 0.113063313055 
0.842628724129 0.484815279495 0.037347384812 
0.000107122033907 0.704638843507 0.140962538252 0.322674682001 0.000963026936404 0.196763538326 0.764322988074 0.197577675632 0.000107122033907 -0.0925553484417 
0.913875386396 -0.0319554320005 0.484815279495 
-0.00820295591614 0.31014032426 
0.573497507668 0.278846153846 0.7 0.197577675632 
0.197577675632 
0.0548536912259 0.17559308976 0.0146983697497 0.484889076726 7.8345342539e-05 -0.163645220855 0.372934323827 
0.140962538252 0.31014032426 0.589684667433 0.0749639722999 -0.214359547896 0.436541257724 0.054514039275 
0.31014032426 0.283354893654 0.174083163863 0.386135423664 0.197577675632 
0.115609978031 0.0481627935891 
0.842628724129 0.119163717273 0.589684667433 0.352001616268 
0.31014032426 0.762917843541 0.596225350377 
0.0146983697497 -0.3939293538 7.8345342539e-05 -0.122244895412 
-0.155692038207 -0.61956390524 -0.405115313314 -0.272757488049 -0.473741824605 0.806022589177 
1.10749329478 7.8345342539e-05 0.7 0.00139685673013 
-0.0319554320005 -0.691246633754 -0.0162479710196 -0.131113342452 
0.196586695804 0.598657948458 0.31014032426 0.115609978031 -0.168785148493 0.75 
0.0461128800334 0.195574381543 0.00379066103573 0.777777777778 0.135535958854 1.0 
0.31014032426 0.136021201203 
-0.0423680947568 0.186774328185 0.0519473089615 0.301060574527 0.0548536912259 0.17559308976 
0.559891266035 0.197577675632 
0.90758067288 0.0503979372077 3.7048272958e-06 7.8345342539e-05 0.120114820746 0.31014032426 0.358605304862 3.7048272958e-06 0.409027959873 
0.735138682996 0.394144598897 -0.0973570689995 
0.31014032426 -1.13293837602 -0.828069657302 -0.158379377803 
0.301060574527 0.17559308976 0.688105650657 0.197577675632 
0.836538461538 0.442406231895 0.140962538252 0.17559308976 
-0.359489808659 0.0573087274283 0.119163717273 
0.559891266035 0.185514558279 
0.436541257724 0.0548536912259 0.17559308976 -0.38090679962 7.8345342539e-05 -0.692393449921 0.269060912206 
0.301060574527 0.0548536912259 0.17559308976 -0.163645220855 0.372934323827 0.197577675632 
-0.0423680947568 0.402559183126 0.156605440337 0.0813419418781 0.0565124193096 0.151749251699 
-0.0423680947568 0.120114820746 0.614053478696 0.168606076093 0.484889076726 
-0.0423680947568 0.118793119665 0.892695320188 
0.490972082222 -0.0423680947568 -0.226425240674 0.197577675632 
0.107127022275 0.107127022275 0.17559308976 7.8345342539e-05 0.168606076093 
-0.549383511998 -0.20882435516 -0.318784547598 
-0.0423680947568 0.913875386396 0.113975246595 0.308499155616 0.534077632858 
-0.0423680947568 0.454400317212 0.247004392946 
-0.0423680947568 0.81907877633 0.301060574527 0.380039416317 
-0.0423680947568 -0.36583747927 0.402068090169 0.197577675632 
0.301060574527 0.794310812364 -0.0423680947568 0.400714835687 0.305721388026 0.563044521889 0.197577675632 
-0.0423680947568 0.577874951159 -0.0319554320005 0.534077632858 0.000107122033907 0.563044521889 7.8345342539e-05 0.305721388026 
0.0749639722999 0.506024625052 -0.252109376274 -0.0423680947568 -0.0423680947568 0.245124006173 0.892695320188 0.251219475569 
-0.0423680947568 0.820939475002 0.892695320188 0.0749639722999 0.197577675632 0.534077632858 
-0.0423680947568 0.386135423664 -0.0319554320005 0.196763538326 
-0.0423680947568 0.58992781142 -0.00190915637371 
-0.0423680947568 0.688105650657 0.386135423664 0.197577675632 0.534077632858 
-0.0423680947568 0.794310812364 0.17559308976 0.222064965623 0.283354893654 0.0749639722999 -0.0423680947568 -0.291850748858 0.561719364137 -0.252109376274 
0.31014032426 0.568615722854 -0.0423680947568 0.301060574527 0.892695320188 0.406706413929 
1.19023921774 1.0 -0.0423680947568 0.228451078097 0.331566365243 0.301060574527 
0.722664504555 0.17559308976 -0.00552015325107 0.037347384812 0.00139685673013 0.168606076093 
-0.0215875740467 0.81358008892 -0.0423680947568 
-0.120966065652 0.17559308976 -0.0238871921653 0.00139685673013 0.168606076093 
0.428660569725 -1.47389947261 0.17559308976 0.208755781294 0.189102915398 0.296503052754 
-0.0423680947568 -0.249678983393 7.8345342539e-05 
-0.0423680947568 -0.00190915637371 -0.249678983393 
-0.249678983393 0.168606076093 -1.95 0.197577675632 
0.222064965623 0.410344659246 0.510618147508 
0.0104894265617 -0.129881513275 -0.249678983393 -1.95 0.197577675632 -0.0514452164838 0.17559308976 -0.270655377391 0.243573364305 
0.00379066103573 
-0.458583800306 0.31014032426 0.0749639722999 0.054514039275 -0.0889478855898 -0.0423680947568 
0.0703397226927 -0.249678983393 
0.0104894265617 -0.129881513275 -0.249678983393 -1.95 0.197577675632 
0.17559308976 
0.722664504555 0.226448115676 
1.67741436874 0.31014032426 0.731389183457 
0.31014032426 -0.825729680701 -0.587181772587 
0.322674682001 -0.186974883501 -0.249678983393 
-0.564840850552 -0.129881513275 -0.249678983393 -0.103118856189 
-0.179610213295 0.892695320188 0.101850872234 
0.198381405247 0.0841272892162 1.28132000219 0.944420455316 0.31014032426 
0.688105650657 0.301060574527 0.380039416317 
0.287509928331 0.722664504555 0.301060574527 0.27422569481 0.352001616268 
-0.0423680947568 0.0841272892162 0.0552161960947 0.322674682001 -0.0401395154182 0.054514039275 
-0.773301478274 -0.0423680947568 
0.17559308976 -0.249678983393 0.0548536912259 -0.177383622912 
-0.0423680947568 0.442406231895 0.17559308976 
0.877360228424 0.184470851261 3.7048272958e-06 -0.00552015325107 -0.405115313314 -0.122379185554 0.17559308976 
-0.226425240674 0.197577675632 
0.0463816609331 0.412935653109 0.892695320188 
-0.244424785209 -0.249678983393 -0.735824069727 0.197577675632 
-0.249678983393 0.198381405247 0.877360228424 0.197577675632 7.8345342539e-05 
0.877360228424 -0.244424785209 -0.249678983393 -0.715524453627 -0.216647072398 0.197577675632 
0.877360228424 -0.715524453627 0.197577675632 -0.442591088063 -0.186974883501 -0.249678983393 
0.877360228424 -0.244424785209 -0.249678983393 0.198381405247 
-0.409525234583 -0.244424785209 -0.249678983393 0.185514558279 
-0.186974883501 0.0104894265617 -0.129881513275 0.367762475937 -0.155671532815 -0.249678983393 
-0.409525234583 -0.564840850552 0.121572187398 0.15850759622 -0.244424785209 -0.249678983393 
-0.244424785209 -0.249678983393 -0.409525234583 -0.0423680947568 
-0.186974883501 -0.249678983393 0.185514558279 0.141426763333 
0.301060574527 -0.244424785209 -0.249678983393 0.877360228424 
-0.409525234583 -0.0423680947568 -0.244424785209 -0.249678983393 -1.95 -0.158379377803 -0.269131428988 -0.286239762471 
-0.157798280415 -0.880047295168 -0.409525234583 -0.249678983393 
0.877360228424 -0.244424785209 -0.249678983393 -1.95 0.619123997679 0.115609978031 0.197577675632 
0.877360228424 -0.186974883501 -0.249678983393 0.0708608557 
0.689621972231 0.559975687948 0.467869153164 0.00308220966365 0.226448115676 
0.00379066103573 0.101850872234 -1.63480885937e-05 -0.219865122916 7.8345342539e-05 
0.563044521889 0.688105650657 0.113063313055 
-0.516850748858 0.534643888423 0.0625045397689 0.90758067288 0.484327085808 0.197577675632 
-0.178307696756 -0.977285307205 -0.706710833027 0.322427751047 
0.90758067288 0.484327085808 0.197577675632 
0.449489711087 0.571342874282 -0.207443692893 
0.716413458768 0.892695320188 0.666666666667 
0.115609978031 0.842628724129 0.213716990415 
-0.644157009956 0.327913017055 -0.207443692893 0.283354893654 0.0253146636447 
-0.186974883501 -0.0492713813097 0.101850872234 
0.559975687948 0.286727216872 0.467869153164 0.0573087274283 0.226448115676 
0.140461073879 -0.0559679024603 0.0253146636447 0.228451078097 -0.00335302543268 
0.559975687948 0.960316044073 0.121572187398 -0.0319554320005 
-0.192264344262 -0.237797197911 -0.136368398978 
-0.0423680947568 -0.594341005718 -0.252109376274 
0.559975687948 0.0519473089615 0.0183309037433 
-0.269131428988 0.0813419418781 0.147894624117 -0.122379185554 
0.563044521889 0.582795797063 0.386135423664 0.197577675632 
1.28132000219 0.121854523798 0.373732401463 0.944420455316 0.140962538252 0.139899691719 
0.0211804185866 0.208750949321 -0.171183264808 
0.31014032426 0.122616543869 1.2393533123 -0.223658257257 
0.31014032426 0.90758067288 0.0749639722999 2.0 
0.31014032426 0.688105650657 0.301060574527 0.380039416317 
0.31014032426 0.90758067288 0.00308220966365 0.195574381543 0.119163717273 
0.140962538252 0.139899691719 0.054514039275 0.0911880074299 
0.301060574527 0.17559308976 
0.00308220966365 0.619123997679 -0.20882435516 
0.625354315316 0.31014032426 0.171888210868 -0.39215642021 -0.103118856189 
0.278846153846 0.31014032426 0.737318811151 0.121572187398 -0.153202179508 -0.0319554320005 0.136582101729 0.383278567131 
0.31014032426 0.31014032426 
0.287509928331 0.235523835618 -0.318784547598 
0.31014032426 0.186774328185 0.0519473089615 0.000107122033907 0.301060574527 0.17559308976 
-0.158379377803 -0.741692557425 
0.22946605334 -0.20882435516 -0.351635631605 
0.31014032426 1.10749329478 
0.81907877633 0.0498333045434 0.301060574527 0.22946605334 0.17559308976 
0.0370558750278 0.820939475002 0.31014032426 
0.31014032426 0.81907877633 0.301060574527 0.322427751047 
0.197577675632 0.0841272892162 
0.22946605334 0.31014032426 0.377196228633 0.0898050428717 1.01559507534 
0.31014032426 0.81907877633 0.301060574527 0.322427751047 
-0.00583487309151 0.183007940797 -0.186974883501 7.8345342539e-05 0.333943706306 0.0749639722999 0.279459356558 
-0.0319554320005 -0.534397233203 -0.442591088063 
0.151749251699 0.598657948458 
0.20167293714 0.81907877633 0.197577675632 
0.842628724129 0.557161996082 
0.467869153164 0.226448115676 
0.681942368842 -0.155692038207 -0.0559679024603 0.00308220966365 0.22213932908 
1.28132000219 0.619123997679 1.67741436874 0.17559308976 
0.31014032426 0.0537892186665 0.00208565722614 0.364679533628 0.146681415115 
0.228451078097 0.331566365243 
0.619123997679 1.67741436874 0.31014032426 
1.03545846549 0.251219475569 0.331566365243 
0.0813419418781 0.213716990415 
0.31014032426 0.280031947626 -0.256140733072 -0.589785926123 
0.582795797063 0.892695320188 0.251219475569 
0.31014032426 0.716413458768 0.312660572385 0.197577675632 
0.31014032426 0.104602550231 -0.405115313314 0.00308220966365 0.335364382239 
0.688105650657 0.301060574527 0.322427751047 
0.0177272745409 0.127780516663 -0.000841483013621 0.0708608557 
0.20167293714 0.0296939576701 0.000107122033907 -0.0925553484417 7.8345342539e-05 0.322427751047 
0.559975687948 0.31014032426 0.124859530833 0.128156893271 -0.333262830427 
-0.0423680947568 0.17559308976 0.228451078097 0.168606076093 
-0.0559679024603 0.283354893654 0.386135423664 -0.0319554320005 
-0.0926499645976 -0.0559679024603 -0.0319554320005 
-0.0559679024603 0.130461050061 0.115609978031 0.247004392946 
-0.0559679024603 0.416666666667 0.0146983697497 0.00308220966365 -0.0423680947568 0.107127022275 0.557161996082 -0.256140733072 -0.0162479710196 -0.108424236809 -0.219865122916 
-0.0559679024603 0.283354893654 0.490972082222 0.197577675632 
-0.155692038207 0.0200793724637 -0.272757488049 -0.706710833027 0.00379066103573 0.0211804185866 -0.637180615495 
-0.0559679024603 -1.63480885937e-05 -0.302868454893 -0.249678983393 -0.0492991715699 
-0.0559679024603 0.90758067288 0.331940682291 0.380039416317 
-0.0559679024603 -0.564840850552 -0.249678983393 
0.074971028089 0.591314447964 -0.0559679024603 -0.20882435516 0.101850872234 
-0.0559679024603 0.624789289105 -0.339990019188 -0.0319554320005 
-0.0559679024603 0.184470851261 -1.63480885937e-05 0.467869153164 -0.3939293538 
0.0565124193096 0.151749251699 0.799211350849 0.156605440337 
-0.236369897328 -0.0559679024603 0.278846153846 
0.7 -0.236369897328 7.8345342539e-05 
-0.0559679024603 0.7 1.6498273064 
0.31014032426 -0.747176201305 0.197577675632 -0.198110841762 
-0.0559679024603 1.20800716705 0.442406231895 0.17559308976 7.8345342539e-05 0.121854523798 
-0.0559679024603 -0.244424785209 -0.776988614944 0.14705561614 0.364679533628 -0.20882435516 
-0.0559679024603 0.197577675632 0.7 -0.735824069727 
-0.0559679024603 0.7 0.197577675632 0.104602550231 0.187617472912 
-0.0559679024603 1.33690076763 0.7 0.303931982951 
0.31014032426 0.283354893654 0.490972082222 0.197577675632 
0.31014032426 0.90758067288 0.490972082222 0.197577675632 
0.31014032426 0.90758067288 0.490972082222 
0.31014032426 -0.0845337437771 0.187617472912 0.197577675632 
0.31014032426 0.820939475002 
0.31014032426 0.372721038126 0.283354893654 0.0749639722999 0.197577675632 0.00379066103573 
0.143624297576 -0.715524453627 0.31014032426 0.197577675632 
0.31014032426 -0.715524453627 0.127711783743 0.197577675632 0.143624297576 0.0748951582285 
0.31014032426 1.02645729929 0.113063313055 
0.31014032426 -0.35 -0.0162479710196 7.8345342539e-05 
0.90758067288 0.490972082222 0.301060574527 
0.31014032426 0.90758067288 0.197577675632 
0.31014032426 0.639940236185 0.301060574527 0.278846153846 
0.31014032426 0.000963026936404 0.382033131691 0.0749639722999 0.278846153846 0.264486895225 
0.31014032426 0.820939475002 0.380039416317 0.90758067288 -0.596509614419 0.206820365034 
0.31014032426 0.490972082222 0.197577675632 
0.31014032426 0.820939475002 0.352001616268 0.90758067288 
0.31014032426 -0.405115313314 -0.0319554320005 
0.31014032426 0.867716460208 0.113063313055 
0.31014032426 0.490972082222 
0.00379066103573 -0.120966065652 0.329369195298 0.270948339473 
0.31014032426 -0.715524453627 0.197577675632 -0.585181039517 -0.0442273468331 0.0535544813798 0.147951701602 
0.31014032426 0.867716460208 0.197577675632 
0.404969230046 0.197577675632 
-0.0423680947568 -0.00552015325107 0.0841272892162 0.442406231895 -0.182611182611 0.17559308976 
0.688105650657 0.557161996082 
0.484889076726 

0.582795797063 0.301060574527 0.0178447367181 0.255652491179 
0.220710612436 -0.161386815833 
0.301060574527 -0.161386815833 0.311439215318 0.280031947626 0.151749251699 
0.31014032426 -0.120966065652 1.05106652179 0.394144598897 -0.248121415859 
0.831000403805 0.301060574527 0.0296939576701 0.0749639722999 
-0.552075130516 0.0548536912259 0.17559308976 
0.17559308976 0.0519473089615 -0.318784547598 
-0.715524453627 -0.0319554320005 -0.442591088063 
-0.0423680947568 -0.715524453627 0.372373993092 0.278846153846 
-0.0423680947568 0.151749251699 -0.637180615495 0.0749639722999 0.156605440337 
-0.0423680947568 0.892695320188 0.101850872234 
0.960316044073 0.892695320188 0.197577675632 -0.0423680947568 
-0.0423680947568 0.479574250047 0.400714835687 -0.248121415859 
0.31014032426 0.327913017055 0.0166371998636 0.151749251699 -0.637180615495 
-0.0559679024603 0.233297042077 0.54671674064 0.0565124193096 0.151749251699 
0.107127022275 -0.0559679024603 
0.412935653109 0.322427751047 0.196763538326 
-0.0559679024603 0.341480974001 7.8345342539e-05 -0.825729680701 
-0.0559679024603 -0.0319554320005 -0.61956390524 -0.405115313314 -0.108424236809 -0.473741824605 3.7048272958e-06 -0.441367602601 0.000107122033907 
-0.644819457009 -0.0559679024603 -0.0319554320005 -1.30929308197 -0.442591088063 -0.42267870499 -0.214524256209 
-0.0559679024603 0.295963525631 -0.359489808659 -0.42267870499 0.589684667433 
0.31014032426 0.151749251699 -0.359489808659 0.113975246595 0.346540647393 
0.31014032426 0.913875386396 -0.0559679024603 0.226448115676 
-0.0559679024603 -0.269131428988 -0.203009543936 -0.3939293538 
0.454366375586 0.165420718701 -0.158379377803 
-0.0559679024603 0.295963525631 0.213716990415 -0.0107580105036 0.4581586846 0.151749251699 
-0.828069657302 -0.441367602601 -1.95 -0.0559679024603 -0.155692038207 
-0.0319554320005 -0.0162479710196 -0.475194670176 -0.272757488049 
-0.0423680947568 0.322427751047 
0.14127450112 0.0519473089615 -0.0559679024603 -0.269131428988 0.735650233757 
-0.0559679024603 0.228451078097 -0.00190915637371 
0.363378877559 0.442406231895 -0.0559679024603 0.270948339473 0.104602550231 
-0.0559679024603 -0.154499935534 0.195254961927 0.464644629904 -0.0401395154182 
-0.0559679024603 -0.0319554320005 -1.30929308197 -0.749306701882 
-0.0559679024603 0.186774328185 -0.226425240674 0.107127022275 
0.0146983697497 0.228773301594 0.167587458839 0.0211213386494 -0.136899919566 
0.688105650657 0.197577675632 
0.31014032426 0.00208565722614 -0.0559679024603 
0.782701875239 0.596225350377 
0.322427751047 0.287509928331 
0.039719766201 0.0749639722999 0.176517270725 0.0461128800334 0.228451078097 0.301060574527 0.188243375457 
0.0548536912259 0.31014032426 -0.0319554320005 0.282254475748 
0.31014032426 0.0341875440501 
-0.712319756407 -0.186974883501 
0.283354893654 -0.136899919566 
-0.692393449921 
0.0211804185866 
0.31014032426 0.0511144352608 0.0898050428717 1.01559507534 7.8345342539e-05 
0.323266300421 0.31014032426 0.280031947626 0.430524995683 0.197577675632 
0.31014032426 -0.20882435516 0.639940236185 -0.122244895412 
0.31014032426 0.412935653109 0.892695320188 
0.31014032426 0.280031947626 0.301060574527 0.197577675632 
0.197577675632 0.183007940797 7.8345342539e-05 -0.142974884524 -0.176813469478 0.777777777778 
0.31014032426 -0.360564915621 -0.0319554320005 
0.0463816609331 -0.605404169835 0.289175766292 0.197577675632 
-0.322840454965 -0.0423680947568 0.113975246595 
0.31014032426 0.552198107958 0.301060574527 0.113063313055 
0.271629618274 0.464644629904 0.301060574527 
0.31014032426 -0.195271768443 0.206820365034 
0.354747946296 -0.0423680947568 0.688105650657 0.197577675632 0.000458532409294 
-0.0423680947568 0.280031947626 0.301060574527 0.197577675632 0.400714835687 0.270948339473 
-0.0423680947568 0.583333333333 -0.0423680947568 
0.197577675632 -0.959224820198 
-0.0559679024603 0.188365828329 0.255754228725 0.0211804185866 0.0249933006828 
-0.0423680947568 0.197577675632 
0.0749639722999 0.197577675632 0.00139685673013 0.168606076093 
-0.552297181585 0.197577675632 
0.836723952998 0.892695320188 0.101850872234 
0.31014032426 -0.552297181585 0.197577675632 
0.197577675632 -0.959224820198 -0.442591088063 -0.42267870499 -0.214524256209 
0.31014032426 -0.552297181585 0.197577675632 
-0.391062934342 0.114774734203 0.0749639722999 0.197577675632 
-0.0305946403552 -0.155692038207 -0.0559679024603 0.267850845918 
0.197577675632 -0.735824069727 0.000107122033907 0.000458532409294 -0.155692038207 -0.0559679024603 -0.0423680947568 -0.825729680701 
-0.155692038207 -0.0559679024603 -0.0650175602214 0.136032847051 0.039719766201 0.264486895225 
-0.155692038207 -0.0559679024603 0.186774328185 -0.405115313314 0.00308220966365 0.107127022275 0.247004392946 
-0.155692038207 -0.0559679024603 0.688105650657 0.430524995683 0.386135423664 0.632916712532 -0.0319554320005 
0.778996253057 0.123163118142 0.366026950152 0.171936977741 0.520874657599 -0.0305946403552 -0.155692038207 -0.0423680947568 
0.31097560648 -0.0423680947568 0.0211804185866 0.17859564279 0.483967799154 0.156605440337 
-0.155692038207 -0.0559679024603 0.0146983697497 0.121572187398 0.54671674064 0.4581586846 0.151749251699 
-0.0675721534826 0.276192332519 -0.746064554534 -0.365836223302 0.184470851261 -0.155692038207 -0.0559679024603 
-1.36647484148 -0.644819457009 -0.0559679024603 -0.0319554320005 
-0.155692038207 -0.0559679024603 -0.20882435516 -0.143852638673 -0.441367602601 
-0.272757488049 -0.473741824605 -0.155692038207 -0.0559679024603 -0.0319554320005 
-0.155692038207 -0.0559679024603 -0.136368398978 0.31097560648 0.037347384812 
-0.155692038207 -0.0559679024603 -0.136368398978 0.0625045397689 0.228451078097 
-0.155692038207 -0.0559679024603 1.0742140633 0.0211804185866 
0.688105650657 0.322427751047 
0.0341875440501 -0.155671532815 -0.249678983393 
-0.186974883501 0.0104894265617 -0.129881513275 0.367762475937 -0.155671532815 -0.249678983393 
0.464644629904 
0.0804959805722 7.8345342539e-05 0.255754228725 0.282096811085 0.101850872234 
0.151749251699 0.67700532642 0.280031947626 
0.000107122033907 0.301060574527 0.17559308976 0.777777777778 0.000107122033907 0.301060574527 0.0615361050613 0.213716990415 
0.238095238095 0.101850872234 0.0463816609331 0.404969230046 0.0296939576701 
0.541879528532 0.294934640523 0.17559308976 0.0211804185866 
0.431389183457 0.119163717273 0.270948339473 0.280031947626 
0.971656723105 0.156605440337 0.226448115676 
0.301060574527 0.892695320188 
0.90758067288 0.197577675632 0.322427751047 
0.523414386276 0.301060574527 -0.153408199781 
-0.20882435516 -0.61956390524 -0.405115313314 -0.272757488049 -0.473741824605 -0.236369897328 -0.621223925609 -1.03484543855 
0.892695320188 0.518766831718 1.0 0.0953955737025 0.264978213508 0.168606076093 
-0.0423680947568 0.245124006173 0.892695320188 0.101850872234 
0.20167293714 -0.122244895412 
-0.0559679024603 0.404969230046 0.197577675632 0.235523835618 0.226448115676 
-0.0423680947568 0.484889076726 0.121572187398 0.270259227162 0.168606076093 0.107799053974 
0.58992781142 0.301060574527 -0.186974883501 0.0573087274283 0.101850872234 
0.90758067288 -0.223658257257 
0.31014032426 0.90758067288 0.31097560648 
0.0960750139431 0.197577675632 
0.389963708319 -0.36583747927 0.197577675632 
0.31014032426 -0.552297181585 0.183007940797 0.197577675632 
-0.269131428988 0.0519473089615 0.31014032426 0.521753899668 0.101850872234 
0.389963708319 0.31014032426 2.0 0.698210153939 
0.389963708319 0.688105650657 0.301060574527 -0.0319554320005 
-0.0423680947568 0.90758067288 0.00308220966365 0.277692022551 0.119163717273 
0.31014032426 0.960316044073 0.195574381543 0.247004392946 
0.31014032426 0.271629618274 0.394144598897 -0.248121415859 
-0.20882435516 -0.38090679962 
0.31014032426 0.90758067288 0.0749639722999 0.380039416317 
0.22946605334 0.305721388026 0.139899691719 -0.142974884524 0.981222368359 
0.31014032426 0.280031947626 0.197577675632 
-0.0423680947568 -0.150018016324 
0.22946605334 0.31014032426 0.156807657282 0.601115031142 
-0.0423680947568 0.17859564279 0.0519473089615 0.172616624597 
0.389963708319 0.31014032426 0.464644629904 0.490972082222 
-0.0423680947568 0.151749251699 0.156605440337 
0.0841272892162 0.121572187398 0.701540751614 0.184725365028 0.111355372686 0.386135423664 0.197577675632 0.698210153939 
0.31500374041 0.389963708319 0.492599142007 0.420681514615 -1.36647484148 
0.0463816609331 0.186774328185 0.688105650657 0.113063313055 
0.329369195298 0.136582101729 
0.197577675632 -1.63480885937e-05 0.559891266035 
-0.0319554320005 -0.587181772587 0.31014032426 
0.960316044073 0.121572187398 0.247004392946 
-0.256140733072 0.276192332519 0.258451732134 0.0976159325631 -0.359489808659 
0.289835544377 0.0265217188845 -0.725326178451 
-0.244424785209 -0.249678983393 0.31014032426 
-0.186974883501 -0.00552015325107 -0.0442273468331 0.264978213508 
-0.179313929314 -0.0319554320005 
0.90758067288 0.301060574527 0.175596584483 0.280031947626 0.716413458768 0.119163717273 
0.140962538252 0.322674682001 0.981222368359 0.346540647393 
0.17559308976 0.777777777778 -0.000559727599235 -0.244424785209 -0.249678983393 0.197577675632 
-0.198110841762 
0.794310812364 0.957560739284 0.140962538252 0.563044521889 0.31014032426 
-0.635107767003 -0.969424460432 
-0.186974883501 0.346540647393 
0.559891266035 0.121572187398 0.322427751047 
0.17559308976 -0.38090679962 
-0.272757488049 -0.473741824605 
0.0200793724637 -0.272757488049 -0.473741824605 
0.31014032426 0.106639377277 0.00379066103573 
0.81907877633 0.111355372686 -0.0423680947568 0.322427751047 
0.31014032426 0.386135423664 -0.0319554320005 
0.688105650657 0.000107122033907 0.301060574527 0.322427751047 
0.688105650657 0.301060574527 0.322427751047 
-0.0423680947568 0.327913017055 0.322427751047 0.00379066103573 
0.323266300421 0.31014032426 0.366518305906 0.197577675632 0.00379066103573 
0.877360228424 0.301060574527 0.0548536912259 0.17559308976 -0.773301478274 
0.301060574527 -0.0423680947568 0.322427751047 
0.186774328185 0.0519473089615 0.327913017055 0.106639377277 0.264978213508 0.168606076093 
0.121572187398 0.054132654646 0.197577675632 0.00379066103573 
-0.0423680947568 0.90758067288 0.322427751047 0.31097560648 0.119163717273 
0.559975687948 1.20800716705 0.17559308976 -0.252109376274 0.276192332519 1.01559507534 0.000107122033907 -0.587181772587 
-0.0559679024603 0.559891266035 0.197577675632 
-0.0559679024603 0.412935653109 0.301060574527 0.322427751047 
-0.0559679024603 0.197577675632 0.65 
-0.0559679024603 0.735138682996 0.301060574527 0.0104894265617 -0.129881513275 
-0.0559679024603 0.81907877633 0.301060574527 0.358605304862 0.156816167346 
-0.0559679024603 1.39401430504 0.301060574527 
-0.0559679024603 -1.36647484148 0.195574381543 -0.158379377803 
-0.0559679024603 1.10749329478 
-0.0559679024603 0.0104894265617 -0.129881513275 
-0.0319554320005 
-0.0559679024603 -0.0926499645976 0.301060574527 -0.192264344262 
-0.0559679024603 -0.161386815833 0.17559308976 
0.121572187398 -0.0319554320005 0.559891266035 0.107799053974 
-0.0559679024603 0.568605307736 0.112789384529 0.892695320188 -0.0423680947568 
-0.0559679024603 0.151113818308 -0.0107580105036 0.0690244117982 
-0.0559679024603 0.225173012727 0.261323469769 
-0.0559679024603 0.582795797063 0.4581586846 0.213716990415 0.0211213386494 
-0.459508088478 -0.0559679024603 -0.0319554320005 -0.469114303681 -0.0162479710196 
-0.223658257257 -0.715524453627 0.197577675632 
-0.0559679024603 0.18664656387 0.257811511701 0.151749251699 0.877926217362 -0.232750904032 
0.290441176471 
0.197577675632 -0.0777163725299 -0.735824069727 
-0.0559679024603 -0.249678983393 0.777777777778 -0.00696213774368 
0.185514558279 -0.0423680947568 0.892695320188 -0.0559679024603 
-0.0559679024603 0.90758067288 0.00308220966365 0.31097560648 0.119163717273 
0.31014032426 0.454400317212 0.197577675632 
-0.226425240674 0.386135423664 0.197577675632 
0.31014032426 0.0748951582285 0.0178447367181 -0.136899919566 0.111612302622 
0.31014032426 0.688105650657 0.197577675632 
0.165420718701 0.247004392946 
-0.0559679024603 0.217549065509 0.31014032426 
0.31014032426 0.81907877633 0.221215536982 0.322427751047 
0.31014032426 0.688105650657 0.113063313055 
0.31014032426 0.688105650657 0.892695320188 0.596225350377 
0.31014032426 0.31014032426 0.688105650657 -1.47389947261 0.471189010053 0.892695320188 
0.892695320188 
0.160663011089 0.454400317212 0.282739054428 0.197577675632 
-0.365836223302 -0.158379377803 0.484327085808 0.124859530833 0.128156893271 
0.31014032426 0.0565124193096 0.151749251699 0.598657948458 
-0.0559679024603 0.688105650657 0.197577675632 
0.31014032426 0.559891266035 
-0.226425240674 0.31014032426 0.00139685673013 
0.31014032426 0.0702194243536 -0.155671532815 0.115609978031 
0.31014032426 0.197577675632 
0.31014032426 0.400714835687 0.270948339473 0.280031947626 
0.280031947626 0.242419874997 0.301060574527 -0.745327716002 0.557161996082 
0.301060574527 0.386135423664 0.197577675632 
0.31014032426 0.242419874997 0.113063313055 0.00139685673013 
0.197577675632 -0.712319756407 0.31014032426 -0.249678983393 
0.31014032426 -0.186974883501 -0.219865122916 -0.249678983393 
-0.0423680947568 0.794310812364 0.00379066103573 0.582795797063 0.151113818308 
-0.0559679024603 -0.299028787728 -0.0777163725299 
-0.315810336942 0.17559308976 0.280031947626 
0.31014032426 0.307226866268 0.484889076726 0.235523835618 0.400714835687 0.119163717273 
0.31014032426 0.81907877633 
-0.154499935534 0.406706413929 -0.215251536744 0.17559308976 
0.31014032426 -0.186974883501 -0.249678983393 -0.0492991715699 
0.202946153081 0.226448115676 0.31014032426 
0.944420455316 0.31014032426 
0.40948172637 0.442406231895 0.140962538252 0.17559308976 
-0.716676166952 0.197577675632 
0.171888210868 0.00308220966365 0.277692022551 0.395016339869 -0.0423680947568 0.352001616268 
0.00308220966365 -0.0423680947568 0.352001616268 
0.301060574527 0.892695320188 0.171888210868 0.00308220966365 0.7 
-0.236369897328 -0.261499905617 
0.301060574527 0.0898050428717 0.176517270725 
0.301060574527 0.278846153846 
0.358605304862 0.171888210868 0.31545235495 
1.09629916401 -0.0305946403552 0.301060574527 0.0748951582285 0.0591032492203 0.17559308976 
0.213716990415 
0.794310812364 0.957560739284 0.140962538252 0.563044521889 0.31014032426 
0.31500374041 0.212996811076 0.373732401463 
0.00308220966365 0.0211804185866 0.208750949321 
0.582795797063 0.400714835687 -0.116625190373 
0.404969230046 0.00308220966365 0.400714835687 
-0.715524453627 0.197577675632 
-0.20882435516 
-0.223658257257 

0.0200793724637 0.00308220966365 0.183007940797 0.455812548712 
0.716413458768 0.113063313055 
0.831000403805 0.322427751047 7.8345342539e-05 
0.831000403805 -0.20882435516 
-0.153334173175 -0.182883379277 -0.249678983393 
-0.0319554320005 -0.552075130516 -0.20882435516 
0.238053311235 -0.318784547598 
-0.216647072398 -0.0319554320005 
-0.20882435516 -0.318784547598 
-0.20882435516 -0.318784547598 
0.136582101729 -0.0319554320005 -0.318784547598 
-0.318784547598 
-0.318784547598 0.00379066103573 -0.262260218621 -0.549383511998 
-0.0319554320005 -0.318784547598 0.17559308976 
-0.0423680947568 -0.318784547598 0.140962538252 0.31014032426 -0.0492713813097 0.0748951582285 
0.301060574527 0.197577675632 
0.559975687948 0.559891266035 0.197577675632 0.00379066103573 
0.842628724129 0.557161996082 
-0.0559679024603 -0.29290262896 0.197577675632 
-0.0559679024603 -0.226425240674 0.316362546046 0.197577675632 
-0.0559679024603 0.000107122033907 
0.107127022275 0.510618147508 0.0703397226927 -0.0559679024603 
-0.0559679024603 0.591314447964 0.0204328500844 0.107127022275 0.17559308976 7.8345342539e-05 0.168606076093 
-0.0559679024603 0.688105650657 0.121572187398 0.0204328500844 0.151113818308 
-0.0559679024603 0.454400317212 0.197577675632 
-0.0559679024603 
0.17559308976 1.10749329478 
-0.186974883501 -0.249678983393 -0.158379377803 -0.534397233203 
-0.226425240674 0.270259227162 0.197577675632 
-0.299439576249 0.301060574527 
1.10749329478 0.127780516663 0.00379066103573 
0.136582101729 -0.0845337437771 -0.0559679024603 0.197577675632 
-0.339990019188 0.197577675632 -0.385751752553 0.301060574527 0.698653289786 0.00379066103573 
0.140962538252 0.17559308976 0.90758067288 0.301060574527 0.380039416317 0.301060574527 0.264486895225 
0.528130737844 0.31014032426 0.90758067288 0.197577675632 
0.688105650657 0.197577675632 
0.81907877633 0.22946605334 0.415547346092 
-0.0423680947568 0.31014032426 
0.464644629904 
-0.0423680947568 0.151749251699 0.156605440337 
-0.0423680947568 -0.0423680947568 0.222064965623 0.000107122033907 0.0211213386494 0.518766831718 
0.184725365028 0.31014032426 0.525062327857 0.331566365243 0.121572187398 0.276056120876 
0.184725365028 0.31014032426 0.90758067288 0.195574381543 0.197577675632 
0.184725365028 0.31014032426 -0.269131428988 0.735650233757 0.17559308976 1.9846396219 
0.184725365028 0.31014032426 0.197577675632 0.00379066103573 -0.0162479710196 0.320945600316 -0.214524256209 
0.559975687948 0.167587458839 0.191445900725 0.794310812364 -0.0423680947568 
-0.0423680947568 0.280031947626 0.0749639722999 0.0296939576701 -0.122379185554 
-0.0423680947568 0.90758067288 0.322427751047 
-0.0423680947568 0.598657948458 0.00308220966365 0.181543671938 
0.440154373795 0.31014032426 0.301060574527 -0.514737307794 
0.0749639722999 -0.0319554320005 0.308499155616 0.440154373795 
-0.0423680947568 0.282739054428 0.197577675632 
0.31014032426 -0.120966065652 0.716413458768 0.115609978031 
-0.0423680947568 0.81907877633 0.301060574527 0.380039416317 -0.223658257257 
-0.0423680947568 0.831000403805 0.301060574527 0.0265217188845 0.054132654646 0.0625045397689 0.0994468363162 0.00308220966365 0.197577675632 
-0.0423680947568 0.559891266035 0.113063313055 0.264978213508 0.187617472912 
-0.0423680947568 0.688105650657 0.312660572385 0.197577675632 
-0.0423680947568 0.20167293714 
-0.0423680947568 0.820939475002 0.113063313055 
-0.0423680947568 0.0211804185866 -0.20882435516 0.0200793724637 -0.272757488049 -0.473741824605 
-0.0423680947568 0.252163515609 0.195574381543 0.119163717273 0.210776464608 0.31097560648 0.054514039275 
-0.0423680947568 0.90758067288 0.301060574527 0.197577675632 0.00308220966365 0.380039416317 
-0.0423680947568 0.303979772187 0.113063313055 
-0.0423680947568 0.386135423664 0.197577675632 
-0.0423680947568 0.960316044073 0.327913017055 0.322427751047 
-0.0423680947568 0.322427751047 
-0.0423680947568 0.559891266035 0.490972082222 
0.665165678428 0.121572187398 0.383278567131 0.0211804185866 -0.0319554320005 
0.877360228424 0.420681514615 -0.00190915637371 -0.509602194787 
-0.0423680947568 0.788647853154 0.247004392946 
0.31500374041 -1.36647484148 0.420681514615 
0.31014032426 0.90758067288 0.00308220966365 0.119163717273 
-0.0423680947568 -0.977285307205 0.197577675632 
-0.0423680947568 0.681942368842 
-0.0423680947568 0.40948172637 0.00308220966365 1.04239025585 
-0.0423680947568 0.000963026936404 0.404969230046 0.31097560648 0.197577675632 
-0.158379377803 -0.828069657302 -0.0423680947568 -0.0176371779131 -0.592574709147 
0.322674682001 -0.977285307205 0.197577675632 
-0.318784547598 -0.931034482759 
0.688105650657 0.632916712532 0.430524995683 0.197577675632 
0.632916712532 0.386135423664 0.301060574527 0.430524995683 -0.0319554320005 
0.242419874997 0.301060574527 0.197577675632 
-0.0416085632219 
-0.158379377803 -0.00335302543268 -0.587181772587 -0.237797197911 
0.204443118744 0.0994468363162 0.31014032426 0.598657948458 
-0.405115313314 0.0519473089615 -0.3939293538 0.632916712532 0.197577675632 
0.197577675632 -0.735824069727 0.000107122033907 0.000458532409294 
-0.186974883501 -0.776988614944 
0.0211804185866 -0.364312415494 
0.454400317212 -0.0319554320005 0.557161996082 
-0.154499935534 -0.0107580105036 0.264486895225 0.119163717273 0.820939475002 
-0.0423680947568 0.688105650657 -0.0319554320005 0.557161996082 0.196763538326 
-0.0423680947568 1.67741436874 0.136582101729 
-0.828069657302 0.264486895225 -0.00696213774368 0.00379066103573 
-0.0492713813097 -0.735824069727 -0.0319554320005 -0.0514452164838 0.17559308976 0.113975246595 
0.625354315316 0.31014032426 0.81358008892 
0.625354315316 0.31014032426 -0.0319554320005 0.20167293714 -0.39215642021 -0.0917614401668 
-0.0319554320005 -0.534397233203 0.625354315316 0.31014032426 -0.20882435516 -0.621223925609 -1.03484543855 
-0.587181772587 0.625354315316 0.31014032426 0.197577675632 
0.625354315316 0.31014032426 0.0146983697497 0.0211804185866 0.366518305906 
0.625354315316 0.31014032426 0.17859564279 0.0519473089615 1.19023921774 0.346540647393 
-0.249678983393 -0.589481466362 0.790121201048 -0.644819457009 -0.20882435516 -0.433752914812 
-0.0319554320005 0.239334645093 -0.552075130516 7.8345342539e-05 
0.172616624597 0.31014032426 -0.36951172679 0.156605440337 0.0324253756885 0.0249933006828 
0.790121201048 -0.0650175602214 -0.0423680947568 0.0296939576701 
0.31014032426 -0.552297181585 -0.216647072398 0.197577675632 
0.625354315316 0.31014032426 0.619123997679 1.67741436874 0.17559308976 7.8345342539e-05 0.183007940797 
0.625354315316 0.31014032426 0.183007940797 0.31014032426 
0.625354315316 0.31014032426 0.487343937062 0.197577675632 
0.625354315316 0.31014032426 0.716413458768 0.113063313055 0.322427751047 
0.625354315316 0.31014032426 -0.0319554320005 0.777777777778 
0.625354315316 0.31014032426 0.186774328185 0.26206818797 0.0211804185866 0.225173012727 
-0.214524256209 
0.625354315316 0.31014032426 0.867716460208 -0.745327716002 0.197577675632 7.8345342539e-05 0.255754228725 
0.301060574527 0.625354315316 -0.0423680947568 0.341480974001 -0.534397233203 0.168606076093 
0.625354315316 0.31014032426 -1.63480885937e-05 0.366518305906 0.484815279495 0.301060574527 
0.625354315316 0.31014032426 -0.262260218621 -0.0492713813097 -0.552297181585 0.197577675632 -0.442591088063 -0.214112092088 
0.197577675632 -0.534397233203 -0.959224820198 
0.184725365028 0.31014032426 0.151749251699 0.113975246595 
0.184725365028 0.31014032426 -0.155692038207 -0.85399615896 -1.15399615896 
0.184725365028 0.31014032426 0.0370558750278 0.197577675632 0.329369195298 
0.184725365028 0.31014032426 0.372721038126 0.283354893654 0.197577675632 
0.184725365028 0.31014032426 0.0708608557 -0.154499935534 0.464644629904 0.322427751047 
0.184725365028 0.31014032426 -0.155692038207 0.0200793724637 -0.272757488049 -0.473741824605 
0.184725365028 0.31014032426 -0.715524453627 0.197577675632 -0.442591088063 0.331940682291 
0.184725365028 0.31014032426 -0.715524453627 -0.216647072398 0.197577675632 0.00379066103573 
0.184725365028 0.31014032426 -0.0319554320005 0.183007940797 -0.0559679024603 0.665165678428 
0.176517270725 -0.137239198291 
-0.321945849245 0.31014032426 7.8345342539e-05 0.0813419418781 
-0.214524256209 -0.715524453627 -0.017524395253 0.197577675632 
0.589684667433 0.31014032426 1.9846396219 0.113063313055 
0.184725365028 0.31014032426 0.121572187398 0.7 -0.0319554320005 
0.184725365028 0.31014032426 -0.186974883501 0.464644629904 0.121572187398 0.278846153846 
-0.644819457009 0.184725365028 0.31014032426 -0.0319554320005 -0.534397233203 -1.08247301889 0.0211804185866 
0.31014032426 -0.142974884524 7.8345342539e-05 1.67741436874 
0.184725365028 0.31014032426 0.90758067288 0.301060574527 0.380039416317 7.8345342539e-05 
0.184725365028 0.31014032426 0.0994468363162 0.197577675632 
0.184725365028 0.31014032426 -0.20882435516 -0.61956390524 -0.405115313314 -0.272757488049 -0.473741824605 
0.184725365028 0.31014032426 0.90758067288 0.301060574527 0.197577675632 0.299779877133 0.301060574527 0.111355372686 
0.874923149378 0.31014032426 -0.441367602601 0.0211213386494 -0.147969871313 
0.184725365028 0.31014032426 0.0370558750278 -0.232750904032 
0.184725365028 0.31014032426 0.0370558750278 0.428660569725 0.121854523798 -0.295317637324 0.17559308976 
0.184725365028 0.31014032426 0.867716460208 0.0749639722999 0.197577675632 
0.184725365028 0.31014032426 0.404969230046 -0.745327716002 0.31097560648 -0.0319554320005 
0.31014032426 0.81907877633 0.322427751047 
-0.0423680947568 0.17559308976 0.228451078097 0.168606076093 
0.31014032426 0.484889076726 
0.31014032426 0.4581586846 0.151749251699 0.0519473089615 0.156605440337 
0.0749639722999 0.197577675632 0.00139685673013 0.187617472912 0.31097560648 0.31014032426 0.404969230046 0.176517270725 
0.261323469769 0.119514634553 
0.31014032426 0.198381405247 0.00308220966365 0.0249933006828 
0.31014032426 0.0749639722999 -0.186974883501 0.168606076093 
0.31014032426 1.29751243781 0.0519473089615 -0.0319554320005 0.484815279495 
0.31014032426 0.81907877633 0.380039416317 0.00379066103573 
0.31014032426 0.198381405247 -0.177383622912 0.316761208414 0.323266300421 0.136582101729 0.118087700813 
0.31014032426 0.00308220966365 0.264978213508 0.371304391207 
1.02645729929 0.31014032426 -0.237797197911 -0.587181772587 
0.31014032426 0.960316044073 0.557161996082 
0.31014032426 0.90758067288 0.113063313055 
0.81907877633 0.197577675632 0.698653289786 
1.20800716705 0.442406231895 0.17559308976 0.00379066103573 
-0.0423680947568 -0.233377558884 -0.168785148493 0.301060574527 0.106639377277 
-0.0423680947568 -0.0845337437771 0.557161996082 
0.31014032426 0.90758067288 0.111355372686 
-0.0423680947568 -0.302868454893 -0.0492991715699 -0.0319554320005 -0.587181772587 
-0.0423680947568 0.81907877633 0.557161996082 
-0.0423680947568 -0.594341005718 -0.252109376274 
-0.0423680947568 0.464644629904 0.301060574527 0.27422569481 
0.386135423664 -0.0319554320005 
0.17559308976 0.197577675632 
-0.0423680947568 0.464644629904 0.301060574527 0.27422569481 
-0.0423680947568 0.831000403805 0.322427751047 
-0.0423680947568 0.404969230046 0.301060574527 0.113063313055 
0.140962538252 0.322674682001 -0.0423680947568 0.454400317212 0.197577675632 
0.0296939576701 0.111612302622 -0.38090679962 
0.151749251699 
-0.0650175602214 0.619123997679 0.267850845918 -0.364312415494 
0.559891266035 0.247004392946 
0.17559308976 0.220069547938 
-0.29894041345 
-0.155692038207 -0.0559679024603 0.31097560648 0.054514039275 0.0911880074299 -0.359489808659 0.156605440337 
0.197577675632 -0.735824069727 -0.442591088063 
0.188365828329 0.225173012727 0.0249933006828 0.0211804185866 0.208750949321 
0.582795797063 0.269060912206 
0.688105650657 0.430524995683 0.197577675632 
-0.977285307205 0.0994468363162 0.115609978031 0.197577675632 
0.322674682001 0.0804959805722 0.121572187398 0.151749251699 0.00139685673013 0.168606076093 
-0.742395548547 0.322427751047 
0.54987028017 0.386135423664 0.197577675632 
0.688105650657 0.197577675632 
0.301060574527 -0.0319554320005 0.165420718701 
0.688105650657 0.490972082222 0.322427751047 
0.90758067288 0.287509928331 0.115609978031 0.380039416317 
0.81907877633 0.277692022551 -0.0319554320005 0.380039416317 0.181543671938 
0.121572187398 -0.0319554320005 -0.433752914812 -1.19336722629 0.220069547938 
0.121572187398 -0.0319554320005 -0.433752914812 0.220069547938 
-0.0423680947568 0.280031947626 0.197577675632 1.36559403914 
0.289835544377 0.167675832265 0.31014032426 0.0574873992758 -0.476801292748 
7.8345342539e-05 7.8345342539e-05 0.303931982951 0.167675832265 0.31014032426 
0.167675832265 0.31014032426 0.404969230046 0.430524995683 0.197577675632 0.00379066103573 
0.167675832265 0.31014032426 -0.0305946403552 
0.167675832265 0.31014032426 1.20800716705 -0.182611182611 0.322674682001 7.8345342539e-05 0.168606076093 
0.183007940797 0.31014032426 0.981222368359 
0.167675832265 0.31014032426 0.573497507668 0.430524995683 0.490972082222 -0.0319554320005 -0.00552015325107 
0.167675832265 0.31014032426 0.867716460208 0.490972082222 
0.167675832265 0.000963026936404 0.688105650657 0.430524995683 -0.0319554320005 
0.100386644134 0.167675832265 0.31014032426 -0.0319554320005 
0.301060574527 0.31014032426 0.00379066103573 7.8345342539e-05 0.187617472912 
-0.0423680947568 0.735138682996 0.386135423664 0.197577675632 0.722664504555 
0.323266300421 -0.0423680947568 -0.0175741586256 -0.977285307205 0.722664504555 -0.0319554320005 
-0.0423680947568 0.81907877633 0.722664504555 0.386135423664 -0.0319554320005 
0.301060574527 0.320348449012 0.00379066103573 
0.140461073879 0.31014032426 -0.589157630021 
-0.29290262896 0.113063313055 
0.140461073879 -0.0559679024603 0.688105650657 0.197577675632 
7.8345342539e-05 0.121854523798 0.944420455316 0.31014032426 0.877360228424 
0.183007940797 0.17559308976 0.17859564279 1.03545846549 0.127780516663 
0.0463816609331 0.764322988074 0.301060574527 0.430524995683 0.113063313055 
0.0463816609331 0.17559308976 0.171888210868 -0.248121415859 -0.216647072398 0.00525732476749 0.00308220966365 0.400714835687 
0.0463816609331 -0.0319554320005 -0.61956390524 -0.433752914812 -0.442591088063 -0.475194670176 -0.272757488049 
-0.0559679024603 0.186774328185 0.688105650657 0.107127022275 0.322427751047 
-0.0559679024603 0.688105650657 0.197577675632 
0.404969230046 0.301060574527 0.197577675632 
0.802695021873 0.484327085808 0.960316044073 0.113063313055 
0.301060574527 0.380039416317 -0.458583800306 0.31014032426 -0.0442273468331 7.8345342539e-05 
-0.0423680947568 0.892695320188 0.563044521889 0.380039416317 
0.143624297576 0.31014032426 0.195574381543 0.380039416317 
0.31500374041 1.33690076763 -0.122244895412 0.0177272745409 
0.31014032426 -0.302868454893 -0.571721311475 0.301060574527 
-0.0423680947568 0.688105650657 0.197577675632 
-0.0423680947568 0.629571900589 0.247004392946 0.196763538326 
0.31014032426 0.280031947626 0.382033131691 0.278846153846 
0.31014032426 0.0370558750278 0.4581586846 0.151749251699 0.0519473089615 0.156605440337 
0.301060574527 0.101850872234 0.0749639722999 0.197577675632 
