3	0.31014032426	0.563044521889	0	3	0	3	0	1.40131558399	0	1.40131558399	0	0	2
5	-0.0423680947568	0.892695320188	1	4	0	4	-0.0423680947568	2.55190585729	0	2.55190585729	0	0	2
4	-0.0650175602214	0.7	1	3	0	3	-0.0650175602214	1.5382710621	0	1.5382710621	0	0	2
7	-0.155692038207	0.31097560648	2	5	0	1	-0.211659940667	0.831038944916	0	0.31097560648	0	0	2
5	-1.36647484148	0.0708608557	4	1	1	0	-1.82255956736	0.0708608557	-1.36647484148	0	0	0	-2
6	-0.155692038207	0.623764143199	2	4	0	2	-0.211659940667	1.43162282912	0	1.18365540923	0	0	2
5	-0.155692038207	0.688105650657	2	3	0	2	-0.211659940667	1.42493310691	0	1.31186979386	0	0	2
5	-0.155692038207	0.778996253057	2	3	0	2	-0.211659940667	1.32915055415	0	1.13357617261	0	0	2
4	-0.155692038207	0.464644629904	2	2	0	1	-0.211659940667	0.57600000259	0	0.464644629904	0	0	2
3	-0.155692038207	1.04239025585	2	1	0	1	-0.211659940667	1.04239025585	0	1.04239025585	0	0	2
6	-0.155692038207	0.582795797063	2	4	0	3	-0.211659940667	1.46756947089	0	1.26999179525	0	0	2
5	-0.451238701822	0.20167293714	4	1	3	0	-1.53630099401	0.20167293714	-1.32747663885	0	0	0	-2
2	0.247004392946	0.716413458768	0	2	0	1	0	0.963417851714	0	0.716413458768	0	0	2
1	-0.0423680947568	-0.0423680947568	1	0	0	0	-0.0423680947568	0	0	0	0	0	2
2	0.197577675632	0.735138682996	0	2	0	1	0	0.932716358628	0	0.735138682996	0	0	2
6	-0.158379377803	0.415697963239	1	5	0	1	-0.158379377803	0.857794370433	0	0.415697963239	0	0	3
6	-0.291850748858	0.119163717273	3	3	1	0	-0.399236403836	0.197209899237	-0.291850748858	0	0	0	2
3	0.197577675632	0.454400317212	0	3	0	2	0	0.962118317104	0	0.764540641472	0	0	1
3	-0.977285307205	0.31014032426	1	2	1	1	-0.977285307205	0.507717999892	-0.977285307205	0.31014032426	0	0	-2
5	-0.339990019188	0.31014032426	1	4	1	2	-0.339990019188	0.968002771339	-0.339990019188	0.611200898787	0	0	-2
5	-0.473741824605	0.31014032426	3	2	2	1	-0.902191350861	0.330219696724	-0.746499312654	0.31014032426	0	0	-3
6	0.00139685673013	0.322674682001	0	6	0	1	0	0.846495034493	0	0.322674682001	0	0	1
3	0.113063313055	0.735138682996	0	3	0	2	0	1.15834232031	0	1.04527900726	0	0	2
4	-0.473741824605	0.31014032426	3	1	2	1	-0.778454744655	0.31014032426	-0.746499312654	0.31014032426	0	0	-3
3	-0.0423680947568	1.2393533123	1	2	0	1	-0.0423680947568	1.36196985617	0	1.2393533123	0	0	2
4	0.17559308976	0.735138682996	0	4	0	2	0	1.49444487205	0	1.12127410666	0	0	2
5	0.195574381543	0.81907877633	0	5	0	4	0	2.00589347298	0	1.81031909143	0	0	2
4	0.301060574527	0.805861022352	0	4	0	4	0	1.97422391722	0	1.97422391722	0	0	2
4	-0.0319554320005	0.386135423664	1	3	0	1	-0.0319554320005	0.527786983526	0	0.386135423664	0	0	2
4	-0.122244895412	0.914156440666	1	3	0	2	-0.122244895412	1.24202403947	0	1.22429676493	0	0	2
1	0.31014032426	0.31014032426	0	1	0	1	0	0.31014032426	0	0.31014032426	0	0	-2
5	0.17559308976	0.382033131691	0	5	0	4	0	1.40320563883	0	1.22761254907	0	0	2
4	0.27422569481	0.867716460208	0	4	0	4	0	2.24639329164	0	2.24639329164	0	0	2
3	0.278846153846	0.842628724129	0	3	0	3	0	1.67863687406	0	1.67863687406	0	0	2
4	0.107127022275	0.90758067288	0	4	0	2	0	1.43791133247	0	1.21772099714	0	0	2
7	-0.216647072398	0.31014032426	1	6	0	1	-0.216647072398	0.899571369164	0	0.31014032426	0	0	2
4	-0.223658257257	1.10749329478	1	3	0	3	-0.223658257257	1.74006137009	0	1.74006137009	0	0	1
5	0.121572187398	0.623764143199	0	5	0	4	0	1.91210534796	0	1.79053316056	0	0	2
4	0.197577675632	0.81907877633	0	4	0	3	0	1.62785735075	0	1.43027967512	0	0	2
4	0.221215536982	0.960316044073	0	4	0	3	0	1.81409965636	0	1.59288411938	0	0	2
10	-0.360564915621	0.559891266035	3	7	1	5	-0.427360692184	2.10607169491	-0.360564915621	2.00384282439	0	0	-2
2	0.197577675632	0.913875386396	0	2	0	1	0	1.11145306203	0	0.913875386396	0	0	2
3	0.322427751047	0.842628724129	0	3	0	3	0	1.64987175467	0	1.64987175467	0	0	2
3	0.0953955737025	0.716413458768	0	3	0	1	0	1.0093867081	0	0.716413458768	0	0	2
3	-0.715524453627	0.197577675632	2	1	1	0	-0.96520343702	0.197577675632	-0.715524453627	0	0	0	-3
1	0.0211804185866	0.0211804185866	0	1	0	0	0	0.0211804185866	0	0	0	0	3
3	-0.959224820198	0.197577675632	1	2	1	0	-0.959224820198	0.272541647932	-0.959224820198	0	0	0	-3
3	0.0370558750278	0.20167293714	0	3	0	0	0	0.390478063867	0	0	0	0	2
4	-0.715524453627	0.197577675632	3	1	1	0	-1.20962822223	0.197577675632	-0.715524453627	0	0	0	-3
3	0.197577675632	0.764322988074	0	3	0	2	0	1.3560452626	0	1.15846758697	0	0	2
4	-0.158379377803	0.292197011621	1	3	0	1	-0.158379377803	0.462199944444	0	0.292197011621	0	0	2
2	0.17859564279	0.913875386396	0	2	0	1	0	1.09247102919	0	0.913875386396	0	0	2
2	-0.186974883501	0.00208565722614	1	1	0	0	-0.186974883501	0.00208565722614	0	0	0	0	-3
1	0.197577675632	0.197577675632	0	1	0	0	0	0.197577675632	0	0	0	0	1
2	0.156605440337	0.17859564279	0	2	0	0	0	0.335201083127	0	0	0	0	1
3	0.322427751047	0.90758067288	0	3	0	3	0	1.55792144098	0	1.55792144098	0	0	2
4	-0.715524453627	0.316761208414	2	2	1	1	-0.96520343702	0.514338884046	-0.715524453627	0.316761208414	0	0	-3
3	0.221215536982	0.960316044073	0	3	0	2	0	1.5039593321	0	1.28274379512	0	0	2
1	0.665165678428	0.665165678428	0	1	0	1	0	0.665165678428	0	0.665165678428	0	0	2
4	-0.249678983393	-0.153334173175	4	0	0	0	-0.772871419346	0	0	0	0	0	-3
3	0.322427751047	0.971656723105	0	3	0	3	0	2.17144470258	0	2.17144470258	0	0	2
2	-0.742395548547	0.113063313055	1	1	1	0	-0.742395548547	0.113063313055	-0.742395548547	0	0	0	-2
3	0.197577675632	0.355453408933	0	3	0	2	0	0.854091659092	0	0.65651398346	0	0	2
4	0.00308220966365	0.283354893654	0	4	0	1	0	0.468040452895	0	0.283354893654	0	0	2
4	-0.61956390524	0.220069547938	2	2	2	0	-1.17186108682	0.41764722357	-1.17186108682	0	0	0	-3
4	0.197577675632	0.971656723105	0	4	0	3	0	2.62009213483	0	2.4225144592	0	0	1
2	-0.309691629571	-0.20882435516	2	0	1	0	-0.518515984731	0	-0.309691629571	0	0	0	-2
3	-0.879719102754	7.8345342539e-05	2	1	2	0	-1.19850365035	7.8345342539e-05	-1.19850365035	0	0	0	-3
4	-0.318784547598	0.239334645093	2	2	1	0	-0.318800895687	0.239412990436	-0.318784547598	0	0	0	-2
3	-0.692393449921	0.368503765957	1	2	1	1	-0.692393449921	0.488618586703	-0.692393449921	0.368503765957	0	0	1
3	-0.0650175602214	0.31014032426	2	1	0	1	-0.107385654978	0.31014032426	0	0.31014032426	0	0	1
4	-0.0423680947568	0.759808938929	1	3	0	2	-0.0423680947568	1.29639737887	0	1.06994926319	0	0	1
6	7.8345342539e-05	0.341480974001	0	6	0	4	0	1.22462615273	0	1.22075714635	0	0	2
2	0.31014032426	0.892695320188	0	2	0	2	0	1.20283564445	0	1.20283564445	0	0	2
4	0.118793119665	0.518766831718	0	4	0	2	0	1.16976524127	0	0.828907155978	0	0	2
3	0.222064965623	0.794310812364	0	3	0	2	0	1.32651610225	0	1.10445113662	0	0	2
6	0.195574381543	0.960316044073	0	6	0	5	0	2.50187868702	0	2.30630430547	0	0	2
4	-0.153202179508	0.81907877633	2	2	0	1	-0.195570274265	1.01665645196	0	0.81907877633	0	0	2
4	-0.0423680947568	0.81907877633	1	3	0	1	-0.0423680947568	1.19224954172	0	0.81907877633	0	0	2
7	-0.219865122916	0.301060574527	2	5	0	1	-0.262233217673	0.579466582903	0	0.301060574527	0	0	-2
6	-0.0845337437771	0.674006961553	1	5	0	3	-0.0845337437771	1.74724937235	0	1.33889523211	0	0	-2
7	-0.825729680701	1.28132000219	3	4	2	3	-1.19700423394	1.92833558417	-1.1900420962	1.85931117237	0	0	-3
7	0.0370558750278	0.464644629904	0	7	0	3	0	1.58849085581	0	1.08492527842	0	0	2
4	0.278846153846	0.382033131691	0	4	0	4	0	1.25105155742	0	1.25105155742	0	0	1
2	0.0905857794089	0.342092918414	0	2	0	1	0	0.432678697823	0	0.342092918414	0	0	2
5	0.184725365028	0.764322988074	0	5	0	4	0	2.10212878042	0	1.91740341539	0	0	2
4	-0.735824069727	0.197577675632	1	3	1	0	-0.735824069727	0.396942718211	-0.735824069727	0	0	0	-3
4	0.118793119665	0.716413458768	0	4	0	2	0	1.29996389109	0	0.996445406394	0	0	2
5	0.119163717273	0.303979772187	0	5	0	2	0	1.01498185427	0	0.593815316564	0	0	2
4	0.136582101729	0.280031947626	0	4	0	2	0	0.852983107529	0	0.550980287099	0	0	2
3	0.136582101729	0.81907877633	0	3	0	1	0	1.15323855369	0	0.81907877633	0	0	2
2	0.136582101729	0.213716990415	0	2	0	0	0	0.350299092144	0	0	0	0	-1
5	-0.0319554320005	0.455812548712	1	4	0	3	-0.0319554320005	1.20068209124	0	1.06409998951	0	0	2
4	0.113063313055	0.81907877633	0	4	0	1	0	1.24928865833	0	0.81907877633	0	0	2
5	-0.442591088063	0.156605440337	4	1	2	0	-1.17529712737	0.156605440337	-0.823497887683	0	0	0	-3
5	0.106639377277	0.387885667047	0	5	0	1	0	0.922887487923	0	0.387885667047	0	0	1
5	-0.364312415494	0.4581586846	1	4	1	3	-0.364312415494	1.19869013522	-0.364312415494	1.143836444	0	0	-3
5	0.0548536912259	0.81907877633	0	5	0	3	0	1.78207049224	0	1.52963912538	0	0	2
5	-0.38090679962	0.136582101729	3	2	1	0	-0.430386626874	0.191435792955	-0.38090679962	0	0	0	-3
4	-0.552297181585	0.197577675632	3	1	2	0	-1.23931305486	0.197577675632	-0.994888269648	0	0	0	-3
3	-0.186974883501	0.0574873992758	1	2	0	0	-0.186974883501	0.109434708237	0	0	0	0	1
4	0.136582101729	0.81907877633	0	4	0	3	0	1.60600164616	0	1.46941954443	0	0	2
3	0.247004392946	0.559891266035	0	3	0	2	0	1.19478132603	0	0.947776933082	0	0	2
4	-0.589481466362	-0.0319554320005	4	0	2	0	-1.33242558731	0	-1.11349527181	0	0	0	-2
2	0.136582101729	0.270948339473	0	2	0	1	0	0.407530441202	0	0.270948339473	0	0	-1
5	0.0548536912259	0.367947817948	0	5	0	2	0	1.05584946595	0	0.678088142208	0	0	-1
2	0.0211804185866	0.136582101729	0	2	0	0	0	0.157762520316	0	0	0	0	2
3	0.113063313055	0.688105650657	0	3	0	1	0	0.937751065441	0	0.688105650657	0	0	2
6	-0.552297181585	0.322674682001	3	3	2	1	-1.18186315315	0.575106048859	-0.994888269648	0.322674682001	0	0	-3
8	0.00308220966365	1.39401430504	0	8	0	4	0	2.77126058636	0	2.36906154931	0	0	2
2	-0.234928920794	0.735138682996	1	1	0	1	-0.234928920794	0.735138682996	0	0.735138682996	0	0	-2
2	0.139899691719	0.140962538252	0	2	0	0	0	0.280862229971	0	0	0	0	-2
7	-0.108424236809	0.31014032426	1	6	0	1	-0.108424236809	1.01486165257	0	0.31014032426	0	0	2
3	0.113063313055	0.7	0	3	0	2	0	1.32586277779	0	1.21279946474	0	0	2
3	0.037347384812	0.842628724129	0	3	0	2	0	1.36479138844	0	1.32744400362	0	0	2
10	-0.0925553484417	0.764322988074	1	9	0	3	-0.0925553484417	2.3281175368	0	1.79163651358	0	0	2
3	-0.0319554320005	0.913875386396	1	2	0	2	-0.0319554320005	1.39869066589	0	1.39869066589	0	0	2
2	-0.00820295591614	0.31014032426	1	1	0	1	-0.00820295591614	0.31014032426	0	0.31014032426	0	0	2
4	0.197577675632	0.7	0	4	0	3	0	1.74992133715	0	1.55234366151	0	0	2
1	0.197577675632	0.197577675632	0	1	0	0	0	0.197577675632	0	0	0	0	2
7	-0.163645220855	0.484889076726	1	6	0	2	-0.163645220855	1.10304689663	0	0.857823400553	0	0	2
7	-0.214359547896	0.589684667433	1	6	0	3	-0.214359547896	1.60680679924	0	1.33636624942	0	0	-1
5	0.174083163863	0.386135423664	0	5	0	3	0	1.35129148107	0	0.979630641578	0	0	2
2	0.0481627935891	0.115609978031	0	2	0	0	0	0.16377277162	0	0	0	0	1
4	0.119163717273	0.842628724129	0	4	0	3	0	1.9034787251	0	1.78431500783	0	0	2
3	0.31014032426	0.762917843541	0	3	0	3	0	1.66928351818	0	1.66928351818	0	0	2
4	-0.3939293538	0.0146983697497	2	2	1	0	-0.516174249212	0.0147767150922	-0.3939293538	0	0	0	-2
6	-0.61956390524	0.806022589177	5	1	4	1	-1.92687056942	0.806022589177	-1.77117853121	0.806022589177	0	0	-3
4	7.8345342539e-05	1.10749329478	0	4	0	2	0	1.80896849685	0	1.80749329478	0	0	2
4	-0.691246633754	-0.0162479710196	4	0	1	0	-0.870563379226	0	-0.691246633754	0	0	0	-2
6	-0.168785148493	0.75	1	5	0	3	-0.168785148493	1.97099494655	0	1.65879827272	0	0	2
6	0.00379066103573	1.0	0	6	0	2	0	2.15879165924	0	1.77777777778	0	0	2
2	0.136021201203	0.31014032426	0	2	0	1	0	0.446161525463	0	0.31014032426	0	0	2
6	-0.0423680947568	0.301060574527	1	5	0	1	-0.0423680947568	0.770228992659	0	0.301060574527	0	0	2
2	0.197577675632	0.559891266035	0	2	0	1	0	0.757468941667	0	0.559891266035	0	0	2
9	3.7048272958e-06	0.90758067288	0	9	0	4	0	2.15595277483	0	1.98535426187	0	0	2
3	-0.0973570689995	0.735138682996	1	2	0	2	-0.0973570689995	1.12928328189	0	1.12928328189	0	0	2
4	-1.13293837602	0.31014032426	3	1	2	1	-2.11938741112	0.31014032426	-1.96100803332	0.31014032426	0	0	-2
4	0.17559308976	0.688105650657	0	4	0	2	0	1.36233699058	0	0.989166225184	0	0	2
4	0.140962538252	0.836538461538	0	4	0	2	0	1.59550032144	0	1.27894469343	0	0	3
3	-0.359489808659	0.119163717273	1	2	1	0	-0.359489808659	0.176472444701	-0.359489808659	0	0	0	-2
2	0.185514558279	0.559891266035	0	2	0	1	0	0.745405824314	0	0.559891266035	0	0	1
7	-0.692393449921	0.436541257724	2	5	2	2	-1.07330024954	0.936127296258	-1.07330024954	0.70560216993	0	0	-1
6	-0.163645220855	0.372934323827	1	5	0	2	-0.163645220855	1.10201935497	0	0.673994898354	0	0	2
6	-0.0423680947568	0.402559183126	1	5	0	1	-0.0423680947568	0.84876823635	0	0.402559183126	0	0	2
5	-0.0423680947568	0.614053478696	1	4	0	2	-0.0423680947568	1.38766345226	0	1.09894255542	0	0	3
3	-0.0423680947568	0.892695320188	1	2	0	1	-0.0423680947568	1.01148843985	0	0.892695320188	0	0	2
4	-0.226425240674	0.490972082222	2	2	0	1	-0.268793335431	0.688549757854	0	0.490972082222	0	0	2
5	7.8345342539e-05	0.17559308976	0	5	0	0	0	0.558531555746	0	0	0	0	3
3	-0.549383511998	-0.20882435516	3	0	2	0	-1.07699241476	0	-0.868168059596	0	0	0	-3
5	-0.0423680947568	0.913875386396	1	4	0	3	-0.0423680947568	1.87042742147	0	1.75645217487	0	0	2
3	-0.0423680947568	0.454400317212	1	2	0	1	-0.0423680947568	0.701404710158	0	0.454400317212	0	0	1
4	-0.0423680947568	0.81907877633	1	3	0	3	-0.0423680947568	1.50017876717	0	1.50017876717	0	0	2
4	-0.36583747927	0.402068090169	2	2	1	1	-0.408205574027	0.599645765801	-0.36583747927	0.402068090169	0	0	2
7	-0.0423680947568	0.794310812364	1	6	0	5	-0.0423680947568	2.56242980813	0	2.36485213249	0	0	1
8	-0.0423680947568	0.577874951159	2	6	0	4	-0.0743235267573	1.98090396131	0	1.98071849393	0	0	2
8	-0.252109376274	0.892695320188	3	5	1	3	-0.336845565788	1.97002739928	-0.252109376274	1.64993942081	0	0	2
6	-0.0423680947568	0.892695320188	1	5	0	3	-0.0423680947568	2.52025407598	0	2.24771242805	0	0	2
4	-0.0423680947568	0.386135423664	2	2	0	1	-0.0743235267573	0.58289896199	0	0.386135423664	0	0	2
3	-0.0423680947568	0.58992781142	2	1	0	1	-0.0442772511305	0.58992781142	0	0.58992781142	0	0	2
5	-0.0423680947568	0.688105650657	1	4	0	3	-0.0423680947568	1.80589638281	0	1.60831870718	0	0	2
10	-0.291850748858	0.794310812364	4	6	2	3	-0.628696314646	2.11200709784	-0.543960125132	1.63938507016	0	0	2
6	-0.0423680947568	0.892695320188	1	5	0	5	-0.0423680947568	2.47921835576	0	2.47921835576	0	0	2
6	-0.0423680947568	1.19023921774	1	5	0	4	-0.0423680947568	3.05131723561	0	2.82286615751	0	0	1
6	-0.00552015325107	0.722664504555	1	5	0	1	-0.00552015325107	1.10560791195	0	0.722664504555	0	0	-1
3	-0.0423680947568	0.81358008892	2	1	0	1	-0.0639556688035	0.81358008892	0	0.81358008892	0	0	2
5	-0.120966065652	0.17559308976	2	3	0	0	-0.144853257817	0.345596022583	0	0	0	0	-1
6	-1.47389947261	0.428660569725	1	5	1	2	-1.47389947261	1.29861540893	-1.47389947261	0.725163622479	0	0	2
3	-0.249678983393	7.8345342539e-05	2	1	0	0	-0.29204707815	7.8345342539e-05	0	0	0	0	-2
3	-0.249678983393	-0.00190915637371	3	0	0	0	-0.293956234524	0	0	0	0	0	-1
4	-1.95	0.197577675632	2	2	1	0	-2.19967898339	0.366183751725	-1.95	0	0	0	-3
3	0.222064965623	0.510618147508	0	3	0	2	0	1.14302777238	0	0.920962806754	0	0	3
9	-1.95	0.243573364305	5	4	2	0	-2.65166109054	0.627233556259	-2.22065537739	0	0	0	-3
1	0.00379066103573	0.00379066103573	0	1	0	0	0	0.00379066103573	0	0	0	0	-3
6	-0.458583800306	0.31014032426	3	3	1	1	-0.589899780653	0.439618335835	-0.458583800306	0.31014032426	0	0	1
2	-0.249678983393	0.0703397226927	1	1	0	0	-0.249678983393	0.0703397226927	0	0	0	0	-3
5	-1.95	0.197577675632	3	2	1	0	-2.32956049667	0.208067102194	-1.95	0	0	0	-3
1	0.17559308976	0.17559308976	0	1	0	0	0	0.17559308976	0	0	0	0	2
2	0.226448115676	0.722664504555	0	2	0	1	0	0.949112620231	0	0.722664504555	0	0	1
3	0.31014032426	1.67741436874	0	3	0	3	0	2.71894387646	0	2.71894387646	0	0	-3
3	-0.825729680701	0.31014032426	2	1	2	1	-1.41291145329	0.31014032426	-1.41291145329	0.31014032426	0	0	-3
3	-0.249678983393	0.322674682001	2	1	0	1	-0.436653866894	0.322674682001	0	0.322674682001	0	0	-3
4	-0.564840850552	-0.103118856189	4	0	1	0	-1.04752020341	0	-0.564840850552	0	0	0	-2
3	-0.179610213295	0.892695320188	1	2	0	1	-0.179610213295	0.994546192422	0	0.892695320188	0	0	2
5	0.0841272892162	1.28132000219	0	5	0	3	0	2.81838947623	0	2.53588078177	0	0	3
3	0.301060574527	0.688105650657	0	3	0	3	0	1.3692056415	0	1.3692056415	0	0	2
5	0.27422569481	0.722664504555	0	5	0	5	0	1.93746231849	0	1.93746231849	0	0	2
6	-0.0423680947568	0.322674682001	2	4	0	1	-0.082507610175	0.516532206587	0	0.322674682001	0	0	2
2	-0.773301478274	-0.0423680947568	2	0	1	0	-0.815669573031	0	-0.773301478274	0	0	0	2
4	-0.249678983393	0.17559308976	2	2	0	0	-0.427062606305	0.230446780986	0	0	0	0	-2
3	-0.0423680947568	0.442406231895	1	2	0	1	-0.0423680947568	0.617999321655	0	0.442406231895	0	0	3
7	-0.405115313314	0.877360228424	3	4	1	1	-0.533014652119	1.23742787427	-0.405115313314	0.877360228424	0	0	1
2	-0.226425240674	0.197577675632	1	1	0	0	-0.226425240674	0.197577675632	0	0	0	0	1
3	0.0463816609331	0.892695320188	0	3	0	2	0	1.35201263423	0	1.3056309733	0	0	2
4	-0.735824069727	0.197577675632	3	1	1	0	-1.22992783833	0.197577675632	-0.735824069727	0	0	0	-3
5	-0.249678983393	0.877360228424	1	4	0	1	-0.249678983393	1.27339765465	0	0.877360228424	0	0	-3
6	-0.715524453627	0.877360228424	4	2	1	1	-1.42627529463	1.07493790406	-0.715524453627	0.877360228424	0	0	-3
6	-0.715524453627	0.877360228424	4	2	2	1	-1.59476940858	1.07493790406	-1.15811554169	0.877360228424	0	0	-3
4	-0.249678983393	0.877360228424	2	2	0	1	-0.494103768602	1.07574163367	0	0.877360228424	0	0	-3
4	-0.409525234583	0.185514558279	3	1	1	0	-0.903629003185	0.185514558279	-0.409525234583	0	0	0	-2
6	-0.249678983393	0.367762475937	4	2	0	1	-0.722206912984	0.378251902499	0	0.367762475937	0	0	-2
6	-0.564840850552	0.15850759622	4	2	2	0	-1.46846985374	0.280079783618	-0.974366085135	0	0	0	-3
4	-0.409525234583	-0.0423680947568	4	0	1	0	-0.945997097942	0	-0.409525234583	0	0	0	-2
4	-0.249678983393	0.185514558279	2	2	0	0	-0.436653866894	0.326941321612	0	0	0	0	-2
4	-0.249678983393	0.877360228424	2	2	0	2	-0.494103768602	1.17842080295	0	1.17842080295	0	0	-2
8	-1.95	-0.0423680947568	8	0	4	0	-3.6097476672	0	-2.91489642604	0	0	0	-3
4	-0.880047295168	-0.157798280415	4	0	2	0	-1.69704979356	0	-1.28957252975	0	0	0	-2
7	-1.95	0.877360228424	3	4	1	2	-2.4441037686	1.80967187977	-1.95	1.4964842261	0	0	-3
4	-0.249678983393	0.877360228424	2	2	0	1	-0.436653866894	0.948221084124	0	0.877360228424	0	0	-3
5	0.00308220966365	0.689621972231	0	5	0	3	0	1.94699713868	0	1.71746681334	0	0	-2
5	-0.219865122916	0.101850872234	2	3	0	0	-0.219881471005	0.105719878612	0	0	0	0	-2
3	0.113063313055	0.688105650657	0	3	0	2	0	1.3642134856	0	1.25115017255	0	0	2
6	-0.516850748858	0.90758067288	1	5	1	3	-0.516850748858	2.18663386251	-0.516850748858	1.92655164711	0	0	2
4	-0.977285307205	0.322427751047	3	1	2	1	-1.86230383699	0.322427751047	-1.68399614023	0.322427751047	0	0	-2
3	0.197577675632	0.90758067288	0	3	0	2	0	1.58948543432	0	1.39190775869	0	0	2
3	-0.207443692893	0.571342874282	1	2	0	2	-0.207443692893	1.02083258537	0	1.02083258537	0	0	1
3	0.666666666667	0.892695320188	0	3	0	3	0	2.27577544562	0	2.27577544562	0	0	2
3	0.115609978031	0.842628724129	0	3	0	1	0	1.17195569258	0	0.842628724129	0	0	2
5	-0.644157009956	0.327913017055	2	3	1	2	-0.851600702849	0.636582574354	-0.644157009956	0.611267910709	0	0	-1
3	-0.186974883501	0.101850872234	2	1	0	0	-0.236246264811	0.101850872234	0	0	0	0	-1
5	0.0573087274283	0.559975687948	0	5	0	3	0	1.59832890109	0	1.31457205798	0	0	1
5	-0.0559679024603	0.228451078097	2	3	0	0	-0.059320927893	0.394226815621	0	0	0	0	1
4	-0.0319554320005	0.960316044073	1	3	0	2	-0.0319554320005	1.64186391942	0	1.52029173202	0	0	2
3	-0.237797197911	-0.136368398978	3	0	0	0	-0.566429941151	0	0	0	0	0	-2
3	-0.594341005718	-0.0423680947568	3	0	2	0	-0.888818476749	0	-0.846450381992	0	0	0	-2
3	0.0183309037433	0.559975687948	0	3	0	1	0	0.630253900653	0	0.559975687948	0	0	-2
4	-0.269131428988	0.147894624117	2	2	1	0	-0.391510614542	0.229236565995	-0.269131428988	0	0	0	2
4	0.197577675632	0.582795797063	0	4	0	3	0	1.72955341825	0	1.53197574262	0	0	2
6	0.121854523798	1.28132000219	0	6	0	3	0	3.00218961274	0	2.59947285897	0	0	3
3	-0.171183264808	0.208750949321	1	2	0	0	-0.171183264808	0.229931367908	0	0	0	0	-2
4	-0.223658257257	1.2393533123	1	3	0	2	-0.223658257257	1.67211018043	0	1.54949363656	0	0	1
4	0.0749639722999	2.0	0	4	0	3	0	3.29268496944	0	3.21772099714	0	0	2
4	0.301060574527	0.688105650657	0	4	0	4	0	1.67934596576	0	1.67934596576	0	0	2
5	0.00308220966365	0.90758067288	0	5	0	2	0	1.53554130562	0	1.21772099714	0	0	2
4	0.054514039275	0.140962538252	0	4	0	0	0	0.426564276676	0	0	0	0	2
2	0.17559308976	0.301060574527	0	2	0	1	0	0.476653664287	0	0.301060574527	0	0	2
3	-0.20882435516	0.619123997679	1	2	0	1	-0.20882435516	0.622206207343	0	0.619123997679	0	0	2
5	-0.39215642021	0.625354315316	2	3	1	2	-0.495275276399	1.10738285044	-0.39215642021	0.935494639576	0	0	2
8	-0.153202179508	0.737318811151	2	6	0	4	-0.185157611508	1.96773814551	0	1.70958385639	0	0	2
2	0.31014032426	0.31014032426	0	2	0	2	0	0.62028064852	0	0.62028064852	0	0	2
3	-0.318784547598	0.287509928331	1	2	1	1	-0.318784547598	0.523033763949	-0.318784547598	0.287509928331	0	0	-2
6	0.000107122033907	0.31014032426	0	6	0	2	0	1.02562274773	0	0.611200898787	0	0	2
2	-0.741692557425	-0.158379377803	2	0	1	0	-0.900071935228	0	-0.741692557425	0	0	0	-3
3	-0.351635631605	0.22946605334	2	1	1	0	-0.560459986765	0.22946605334	-0.351635631605	0	0	0	-3
2	0.31014032426	1.10749329478	0	2	0	2	0	1.41763361904	0	1.41763361904	0	0	2
5	0.0498333045434	0.81907877633	0	5	0	2	0	1.5750317985	0	1.12013935086	0	0	2
3	0.0370558750278	0.820939475002	0	3	0	2	0	1.16813567429	0	1.13107979926	0	0	2
4	0.301060574527	0.81907877633	0	4	0	4	0	1.75270742616	0	1.75270742616	0	0	2
2	0.0841272892162	0.197577675632	0	2	0	0	0	0.281704964848	0	0	0	0	-1
5	0.0898050428717	1.01559507534	0	5	0	3	0	2.02220272444	0	1.70293162823	0	0	1
4	0.301060574527	0.81907877633	0	4	0	4	0	1.75270742616	0	1.75270742616	0	0	2
7	-0.186974883501	0.333943706306	2	5	0	2	-0.192809756593	0.871453321303	0	0.613403062864	0	0	2
3	-0.534397233203	-0.0319554320005	3	0	2	0	-1.00894375327	0	-0.976988321266	0	0	0	-3
2	0.151749251699	0.598657948458	0	2	0	1	0	0.750407200157	0	0.598657948458	0	0	2
3	0.197577675632	0.81907877633	0	3	0	1	0	1.2183293891	0	0.81907877633	0	0	2
2	0.557161996082	0.842628724129	0	2	0	2	0	1.39979072021	0	1.39979072021	0	0	2
2	0.226448115676	0.467869153164	0	2	0	1	0	0.69431726884	0	0.467869153164	0	0	1
5	-0.155692038207	0.681942368842	2	3	0	1	-0.211659940667	0.907163907586	0	0.681942368842	0	0	2
4	0.17559308976	1.67741436874	0	4	0	3	0	3.75345145837	0	3.57785836861	0	0	3
5	0.00208565722614	0.364679533628	0	5	0	2	0	0.877376148896	0	0.674819857888	0	0	1
2	0.228451078097	0.331566365243	0	2	0	1	0	0.56001744334	0	0.331566365243	0	0	2
3	0.31014032426	1.67741436874	0	3	0	3	0	2.60667869068	0	2.60667869068	0	0	3
3	0.251219475569	1.03545846549	0	3	0	3	0	1.6182443063	0	1.6182443063	0	0	2
2	0.0813419418781	0.213716990415	0	2	0	0	0	0.295058932293	0	0	0	0	2
4	-0.589785926123	0.31014032426	2	2	2	2	-0.845926659195	0.590172271886	-0.845926659195	0.590172271886	0	0	-2
3	0.251219475569	0.892695320188	0	3	0	3	0	1.72671059282	0	1.72671059282	0	0	2
4	0.197577675632	0.716413458768	0	4	0	3	0	1.53679203105	0	1.33921435541	0	0	2
5	-0.405115313314	0.335364382239	1	4	1	2	-0.405115313314	0.753189466394	-0.405115313314	0.645504706499	0	0	2
3	0.301060574527	0.688105650657	0	3	0	3	0	1.31159397623	0	1.31159397623	0	0	2
4	-0.000841483013621	0.127780516663	1	3	0	0	-0.000841483013621	0.216368646904	0	0	0	0	2
6	-0.0925553484417	0.322427751047	1	5	0	1	-0.0925553484417	0.553980113234	0	0.322427751047	0	0	2
5	-0.333262830427	0.559975687948	1	4	1	2	-0.333262830427	1.12313243631	-0.333262830427	0.870116012208	0	0	-2
4	-0.0423680947568	0.228451078097	1	3	0	0	-0.0423680947568	0.57265024395	0	0	0	0	2
4	-0.0559679024603	0.386135423664	2	2	0	2	-0.0879233344608	0.669490317318	0	0.669490317318	0	0	2
3	-0.0926499645976	-0.0319554320005	3	0	0	0	-0.180573299058	0	0	0	0	0	-3
4	-0.0559679024603	0.247004392946	1	3	0	0	-0.0559679024603	0.493075421038	0	0	0	0	2
11	-0.256140733072	0.557161996082	6	5	1	2	-0.699014061034	1.09873626444	-0.256140733072	0.973828662749	0	0	2
4	-0.0559679024603	0.490972082222	1	3	0	2	-0.0559679024603	0.971904651508	0	0.774326975876	0	0	2
7	-0.706710833027	0.0211804185866	4	3	3	0	-1.77234097478	0.045050452086	-1.61664893657	0	0	0	-3
5	-0.302868454893	-1.63480885937e-05	5	0	1	0	-0.657830860405	0	-0.302868454893	0	0	0	-2
4	-0.0559679024603	0.90758067288	1	3	0	3	-0.0559679024603	1.61956077149	0	1.61956077149	0	0	2
3	-0.564840850552	-0.0559679024603	3	0	1	0	-0.870487736405	0	-0.564840850552	0	0	0	-2
5	-0.20882435516	0.591314447964	2	3	0	1	-0.26479225762	0.768136348287	0	0.591314447964	0	0	2
4	-0.339990019188	0.624789289105	3	1	1	1	-0.427913353649	0.624789289105	-0.339990019188	0.624789289105	0	0	-2
5	-0.3939293538	0.467869153164	3	2	1	1	-0.449913604349	0.652340004425	-0.3939293538	0.467869153164	0	0	-2
4	0.0565124193096	0.799211350849	0	4	0	1	0	1.16407846219	0	0.799211350849	0	0	2
3	-0.236369897328	0.278846153846	2	1	0	1	-0.292337799788	0.278846153846	0	0.278846153846	0	0	-3
3	-0.236369897328	0.7	1	2	0	1	-0.236369897328	0.700078345343	0	0.7	0	0	-3
3	-0.0559679024603	1.6498273064	1	2	0	2	-0.0559679024603	2.3498273064	0	2.3498273064	0	0	2
4	-0.747176201305	0.31014032426	2	2	1	1	-0.945287043067	0.507717999892	-0.747176201305	0.31014032426	0	0	-3
6	-0.0559679024603	1.20800716705	1	5	0	2	-0.0559679024603	1.94793935785	0	1.65041339895	0	0	3
6	-0.776988614944	0.364679533628	4	2	1	1	-1.28620565777	0.511735149768	-0.776988614944	0.364679533628	0	0	-2
4	-0.735824069727	0.7	2	2	1	1	-0.791791972187	0.897577675632	-0.735824069727	0.7	0	0	-3
5	-0.0559679024603	0.7	1	4	0	1	-0.0559679024603	1.18979769877	0	0.7	0	0	-2
4	-0.0559679024603	1.33690076763	1	3	0	3	-0.0559679024603	2.34083275058	0	2.34083275058	0	0	2
4	0.197577675632	0.490972082222	0	4	0	3	0	1.28204497577	0	1.08446730014	0	0	2
4	0.197577675632	0.90758067288	0	4	0	3	0	1.90627075499	0	1.70869307936	0	0	2
3	0.31014032426	0.90758067288	0	3	0	3	0	1.70869307936	0	1.70869307936	0	0	2
4	-0.0845337437771	0.31014032426	1	3	0	1	-0.0845337437771	0.695335472804	0	0.31014032426	0	0	-2
2	0.31014032426	0.820939475002	0	2	0	2	0	1.13107979926	0	1.13107979926	0	0	2
6	0.00379066103573	0.372721038126	0	6	0	3	0	1.24254856501	0	0.96621625604	0	0	2
4	-0.715524453627	0.31014032426	1	3	1	1	-0.715524453627	0.651342297468	-0.715524453627	0.31014032426	0	0	-3
6	-0.715524453627	0.31014032426	1	5	1	1	-0.715524453627	0.85394923944	-0.715524453627	0.31014032426	0	0	-3
3	0.113063313055	1.02645729929	0	3	0	2	0	1.44966093661	0	1.33659762355	0	0	2
4	-0.35	0.31014032426	2	2	1	1	-0.36624797102	0.310218669603	-0.35	0.31014032426	0	0	-2
3	0.301060574527	0.90758067288	0	3	0	3	0	1.69961332963	0	1.69961332963	0	0	2
3	0.197577675632	0.90758067288	0	3	0	2	0	1.41529867277	0	1.21772099714	0	0	2
4	0.278846153846	0.639940236185	0	4	0	4	0	1.52998728882	0	1.52998728882	0	0	2
6	0.000963026936404	0.382033131691	0	6	0	4	0	1.31143350426	0	1.23550650502	0	0	2
6	-0.596509614419	0.90758067288	1	5	1	4	-0.596509614419	2.62552025349	-0.596509614419	2.41869988846	0	0	2
3	0.197577675632	0.490972082222	0	3	0	2	0	0.998690082114	0	0.801112406482	0	0	2
4	0.31014032426	0.90758067288	0	4	0	4	0	2.39066208841	0	2.39066208841	0	0	2
3	-0.405115313314	0.31014032426	2	1	1	1	-0.437070745315	0.31014032426	-0.405115313314	0.31014032426	0	0	2
3	0.113063313055	0.867716460208	0	3	0	2	0	1.29092009752	0	1.17785678447	0	0	2
2	0.31014032426	0.490972082222	0	2	0	2	0	0.801112406482	0	0.801112406482	0	0	2
4	-0.120966065652	0.329369195298	1	3	0	2	-0.120966065652	0.604108195807	0	0.600317534771	0	0	2
7	-0.715524453627	0.31014032426	3	4	2	1	-1.34493283998	0.709224182874	-1.30070549314	0.31014032426	0	0	-2
3	0.197577675632	0.867716460208	0	3	0	2	0	1.3754344601	0	1.17785678447	0	0	2
2	0.197577675632	0.404969230046	0	2	0	1	0	0.602546905678	0	0.404969230046	0	0	2
6	-0.182611182611	0.442406231895	3	3	0	1	-0.230499430619	0.702126610871	0	0.442406231895	0	0	2
2	0.557161996082	0.688105650657	0	2	0	2	0	1.24526764674	0	1.24526764674	0	0	2
1	0.484889076726	0.484889076726	0	1	0	1	0	0.484889076726	0	0.484889076726	0	0	2
0	0	0	0	0	0	0	0	0	0	0	0	0	-1
4	0.0178447367181	0.582795797063	0	4	0	3	0	1.15735359949	0	1.13950886277	0	0	2
2	-0.161386815833	0.220710612436	1	1	0	0	-0.161386815833	0.220710612436	0	0	0	0	-1
5	-0.161386815833	0.311439215318	1	4	0	3	-0.161386815833	1.04428098917	0	0.892531737471	0	0	2
5	-0.248121415859	1.05106652179	2	3	0	3	-0.369087481511	1.75535144495	0	1.75535144495	0	0	2
4	0.0296939576701	0.831000403805	0	4	0	2	0	1.2367189083	0	1.13206097833	0	0	2
3	-0.552075130516	0.17559308976	1	2	1	0	-0.552075130516	0.230446780986	-0.552075130516	0	0	0	-3
3	-0.318784547598	0.17559308976	1	2	1	0	-0.318784547598	0.227540398722	-0.318784547598	0	0	0	-3
3	-0.715524453627	-0.0319554320005	3	0	2	0	-1.19007097369	0	-1.15811554169	0	0	0	-3
4	-0.715524453627	0.372373993092	2	2	1	2	-0.757892548384	0.651220146938	-0.715524453627	0.651220146938	0	0	-1
5	-0.637180615495	0.156605440337	2	3	1	0	-0.679548710252	0.383318664336	-0.637180615495	0	0	0	-2
3	-0.0423680947568	0.892695320188	1	2	0	1	-0.0423680947568	0.994546192422	0	0.892695320188	0	0	2
4	-0.0423680947568	0.960316044073	1	3	0	2	-0.0423680947568	2.05058903989	0	1.85301136426	0	0	2
4	-0.248121415859	0.479574250047	2	2	0	2	-0.290489510616	0.880289085734	0	0.880289085734	0	0	2
5	-0.637180615495	0.327913017055	1	4	1	2	-0.637180615495	0.806439792878	-0.637180615495	0.638053341315	0	0	-2
5	-0.0559679024603	0.54671674064	1	4	0	1	-0.0559679024603	0.988275453726	0	0.54671674064	0	0	2
2	-0.0559679024603	0.107127022275	1	1	0	0	-0.0559679024603	0.107127022275	0	0	0	0	-2
3	0.196763538326	0.412935653109	0	3	0	2	0	0.932126942482	0	0.735363404156	0	0	2
4	-0.825729680701	0.341480974001	2	2	1	1	-0.881697583161	0.341559319344	-0.825729680701	0.341480974001	0	0	-3
9	-0.61956390524	0.000107122033907	7	2	4	0	-2.13613621703	0.000110826861203	-1.93978864576	0	0	0	-3
7	-1.30929308197	-0.0319554320005	7	0	4	0	-3.1218299227	0	-2.81938233203	0	0	0	-3
5	-0.42267870499	0.589684667433	3	2	2	2	-0.838136416109	0.885648193064	-0.782168513649	0.885648193064	0	0	-2
5	-0.359489808659	0.346540647393	1	4	1	2	-0.359489808659	0.922405469947	-0.359489808659	0.656680971653	0	0	-2
4	-0.0559679024603	0.913875386396	1	3	0	2	-0.0559679024603	1.45046382633	0	1.22401571066	0	0	2
4	-0.3939293538	-0.0559679024603	4	0	2	0	-0.922038229184	0	-0.663060782788	0	0	0	-2
3	-0.158379377803	0.454366375586	1	2	0	1	-0.158379377803	0.619787094287	0	0.454366375586	0	0	1
6	-0.0559679024603	0.4581586846	2	4	0	2	-0.0667259129639	1.11958845234	0	0.754122210231	0	0	2
5	-1.95	-0.0559679024603	5	0	3	0	-3.43109720057	0	-3.2194372599	0	0	0	-2
4	-0.475194670176	-0.0162479710196	4	0	2	0	-0.796155561245	0	-0.747952158225	0	0	0	-2
2	-0.0423680947568	0.322427751047	1	1	0	1	-0.0423680947568	0.322427751047	0	0.322427751047	0	0	2
5	-0.269131428988	0.735650233757	2	3	1	1	-0.325099331448	0.928872043839	-0.269131428988	0.735650233757	0	0	2
3	-0.0559679024603	0.228451078097	2	1	0	0	-0.057877058834	0.228451078097	0	0	0	0	2
5	-0.0559679024603	0.442406231895	1	4	0	3	-0.0559679024603	1.18133599916	0	1.07673344893	0	0	2
5	-0.154499935534	0.464644629904	3	2	0	1	-0.250607353413	0.659899591831	0	0.464644629904	0	0	1
4	-1.30929308197	-0.0319554320005	4	0	2	0	-2.14652311831	0	-2.05859978385	0	0	0	-2
4	-0.226425240674	0.186774328185	2	2	0	0	-0.282393143134	0.29390135046	0	0	0	0	2
5	-0.136899919566	0.228773301594	1	4	0	0	-0.136899919566	0.432180468832	0	0	0	0	2
2	0.197577675632	0.688105650657	0	2	0	1	0	0.885683326289	0	0.688105650657	0	0	2
3	-0.0559679024603	0.31014032426	1	2	0	1	-0.0559679024603	0.312225981486	0	0.31014032426	0	0	-1
2	0.596225350377	0.782701875239	0	2	0	2	0	1.37892722562	0	1.37892722562	0	0	2
2	0.287509928331	0.322427751047	0	2	0	2	0	0.609937679378	0	0.609937679378	0	0	2
7	0.039719766201	0.301060574527	0	7	0	1	0	1.05506891734	0	0.301060574527	0	0	2
4	-0.0319554320005	0.31014032426	1	3	0	2	-0.0319554320005	0.647248491234	0	0.592394800008	0	0	2
2	0.0341875440501	0.31014032426	0	2	0	1	0	0.34432786831	0	0.31014032426	0	0	-2
2	-0.712319756407	-0.186974883501	2	0	1	0	-0.899294639908	0	-0.712319756407	0	0	0	2
2	-0.136899919566	0.283354893654	1	1	0	1	-0.136899919566	0.283354893654	0	0.283354893654	0	0	2
1	-0.692393449921	-0.692393449921	1	0	1	0	-0.692393449921	0	-0.692393449921	0	0	0	-2
1	0.0211804185866	0.0211804185866	0	1	0	0	0	0.0211804185866	0	0	0	0	-3
5	7.8345342539e-05	1.01559507534	0	5	0	2	0	1.46673322308	0	1.3257353996	0	0	2
5	0.197577675632	0.430524995683	0	5	0	4	0	1.54154124362	0	1.34396356799	0	0	2
4	-0.20882435516	0.639940236185	2	2	0	2	-0.331069250572	0.950080560445	0	0.950080560445	0	0	-2
3	0.31014032426	0.892695320188	0	3	0	3	0	1.61577129756	0	1.61577129756	0	0	2
4	0.197577675632	0.31014032426	0	4	0	3	0	1.08881052204	0	0.891232846413	0	0	2
6	-0.176813469478	0.777777777778	2	4	0	1	-0.319788354002	1.15844173955	0	0.777777777778	0	0	2
3	-0.360564915621	0.31014032426	2	1	1	1	-0.392520347622	0.31014032426	-0.360564915621	0.31014032426	0	0	-1
4	-0.605404169835	0.289175766292	1	3	1	1	-0.605404169835	0.533135102857	-0.605404169835	0.289175766292	0	0	-2
3	-0.322840454965	0.113975246595	2	1	1	0	-0.365208549722	0.113975246595	-0.322840454965	0	0	0	-2
4	0.113063313055	0.552198107958	0	4	0	3	0	1.2764623198	0	1.16339900674	0	0	2
3	0.271629618274	0.464644629904	0	3	0	3	0	1.03733482271	0	1.03733482271	0	0	2
3	-0.195271768443	0.31014032426	1	2	0	1	-0.195271768443	0.516960689294	0	0.31014032426	0	0	-1
5	-0.0423680947568	0.688105650657	1	4	0	2	-0.0423680947568	1.24088980499	0	1.04285359695	0	0	2
6	-0.0423680947568	0.400714835687	1	5	0	4	-0.0423680947568	1.45033337294	0	1.25275569731	0	0	2
3	-0.0423680947568	0.583333333333	2	1	0	1	-0.0847361895136	0.583333333333	0	0.583333333333	0	0	1
2	-0.959224820198	0.197577675632	1	1	1	0	-0.959224820198	0.197577675632	-0.959224820198	0	0	0	-2
5	-0.0559679024603	0.255754228725	1	4	0	1	-0.0559679024603	0.490293776323	0	0.255754228725	0	0	2
2	-0.0423680947568	0.197577675632	1	1	0	0	-0.0423680947568	0.197577675632	0	0	0	0	2
4	0.00139685673013	0.197577675632	0	4	0	0	0	0.442544580755	0	0	0	0	2
2	-0.552297181585	0.197577675632	1	1	1	0	-0.552297181585	0.197577675632	-0.552297181585	0	0	0	-3
3	0.101850872234	0.892695320188	0	3	0	2	0	1.83127014542	0	1.72941927319	0	0	2
3	-0.552297181585	0.31014032426	1	2	1	1	-0.552297181585	0.507717999892	-0.552297181585	0.31014032426	0	0	-2
5	-0.959224820198	0.197577675632	4	1	3	0	-2.03901886946	0.197577675632	-1.82449461325	0	0	0	-3
3	-0.552297181585	0.31014032426	1	2	1	1	-0.552297181585	0.507717999892	-0.552297181585	0.31014032426	0	0	-3
4	-0.391062934342	0.197577675632	1	3	1	0	-0.391062934342	0.387316382135	-0.391062934342	0	0	0	2
4	-0.155692038207	0.267850845918	3	1	0	1	-0.242254581022	0.267850845918	0	0.267850845918	0	0	2
8	-0.825729680701	0.197577675632	5	3	2	0	-1.81558178585	0.198143330075	-1.56155375043	0	0	0	-3
6	-0.155692038207	0.264486895225	3	3	0	1	-0.276677500889	0.440239508477	0	0.264486895225	0	0	2
7	-0.405115313314	0.247004392946	3	4	1	0	-0.616775253981	0.54398795307	-0.405115313314	0	0	0	2
7	-0.155692038207	0.688105650657	3	4	0	4	-0.243615372668	2.13768278254	0	2.13768278254	0	0	2
8	-0.155692038207	0.778996253057	3	5	0	3	-0.228654773319	1.96099795669	0	1.66589786081	0	0	2
6	-0.0423680947568	0.483967799154	1	5	0	2	-0.0423680947568	1.15132490735	0	0.794943405634	0	0	2
7	-0.155692038207	0.54671674064	2	5	0	2	-0.211659940667	1.29289523409	0	1.00487542524	0	0	2
7	-0.746064554534	0.276192332519	5	2	2	1	-1.39113287199	0.46066318378	-1.11190077784	0.276192332519	0	0	2
4	-1.36647484148	-0.0319554320005	4	0	2	0	-2.09921763295	0	-2.01129429849	0	0	0	-3
5	-0.441367602601	-0.0559679024603	5	0	1	0	-1.0057045371	0	-0.441367602601	0	0	0	-3
5	-0.473741824605	-0.0319554320005	5	0	2	0	-0.990114685322	0	-0.746499312654	0	0	0	-3
5	-0.155692038207	0.31097560648	3	2	0	1	-0.348028339645	0.348322991292	0	0.31097560648	0	0	1
5	-0.155692038207	0.228451078097	3	2	0	0	-0.348028339645	0.290955617866	0	0	0	0	2
4	-0.155692038207	1.0742140633	2	2	0	1	-0.211659940667	1.09539448189	0	1.0742140633	0	0	1
2	0.322427751047	0.688105650657	0	2	0	2	0	1.0105334017	0	1.0105334017	0	0	2
3	-0.249678983393	0.0341875440501	2	1	0	0	-0.405350516208	0.0341875440501	0	0	0	0	-2
6	-0.249678983393	0.367762475937	4	2	0	1	-0.722206912984	0.378251902499	0	0.367762475937	0	0	-2
1	0.464644629904	0.464644629904	0	1	0	1	0	0.464644629904	0	0.464644629904	0	0	2
5	7.8345342539e-05	0.282096811085	0	5	0	2	0	0.720276237959	0	0.53785103981	0	0	2
3	0.151749251699	0.67700532642	0	3	0	2	0	1.10878652575	0	0.957037274046	0	0	2
8	0.000107122033907	0.777777777778	0	8	0	3	0	1.83095935614	0	1.37989892683	0	0	2
5	0.0296939576701	0.404969230046	0	5	0	1	0	0.820990958978	0	0.404969230046	0	0	2
4	0.0211804185866	0.541879528532	0	4	0	2	0	1.0335876774	0	0.836814169055	0	0	1
4	0.119163717273	0.431389183457	0	4	0	3	0	1.10153318783	0	0.982369470556	0	0	1
3	0.156605440337	0.971656723105	0	3	0	1	0	1.35471027912	0	0.971656723105	0	0	2
2	0.301060574527	0.892695320188	0	2	0	2	0	1.19375589471	0	1.19375589471	0	0	2
3	0.197577675632	0.90758067288	0	3	0	2	0	1.42758609956	0	1.23000842393	0	0	2
3	-0.153408199781	0.523414386276	1	2	0	2	-0.153408199781	0.824474960803	0	0.824474960803	0	0	2
8	-1.03484543855	-0.20882435516	8	0	6	0	-3.87244214786	0	-3.42724789537	0	0	0	-3
6	0.0953955737025	1.0	0	6	0	4	0	2.94044201521	0	2.67644036541	0	0	2
4	-0.0423680947568	0.892695320188	1	3	0	1	-0.0423680947568	1.23967019859	0	0.892695320188	0	0	2
2	-0.122244895412	0.20167293714	1	1	0	0	-0.122244895412	0.20167293714	0	0	0	0	2
5	-0.0559679024603	0.404969230046	1	4	0	1	-0.0559679024603	1.06451885697	0	0.404969230046	0	0	2
6	-0.0423680947568	0.484889076726	1	5	0	2	-0.0423680947568	1.15312562135	0	0.755148303888	0	0	2
5	-0.186974883501	0.58992781142	1	4	0	2	-0.186974883501	1.05014798561	0	0.890988385947	0	0	2
2	-0.223658257257	0.90758067288	1	1	0	1	-0.223658257257	0.90758067288	0	0.90758067288	0	0	2
3	0.31014032426	0.90758067288	0	3	0	3	0	1.52869660362	0	1.52869660362	0	0	2
2	0.0960750139431	0.197577675632	0	2	0	0	0	0.293652689575	0	0	0	0	-2
3	-0.36583747927	0.389963708319	1	2	1	1	-0.36583747927	0.587541383951	-0.36583747927	0.389963708319	0	0	2
4	-0.552297181585	0.31014032426	1	3	1	1	-0.552297181585	0.690725940689	-0.552297181585	0.31014032426	0	0	-3
5	-0.269131428988	0.521753899668	1	4	1	2	-0.269131428988	0.985692405123	-0.269131428988	0.831894223928	0	0	2
4	0.31014032426	2.0	0	4	0	4	0	3.39831418652	0	3.39831418652	0	0	2
4	-0.0319554320005	0.688105650657	1	3	0	3	-0.0319554320005	1.3791299335	0	1.3791299335	0	0	2
5	-0.0423680947568	0.90758067288	1	4	0	2	-0.0423680947568	1.30751862237	0	1.18527269543	0	0	2
4	0.195574381543	0.960316044073	0	4	0	2	0	1.71303514282	0	1.27045636833	0	0	2
4	-0.248121415859	0.394144598897	1	3	0	3	-0.248121415859	0.975914541431	0	0.975914541431	0	0	2
2	-0.38090679962	-0.20882435516	2	0	1	0	-0.58973115478	0	-0.38090679962	0	0	0	-3
4	0.0749639722999	0.90758067288	0	4	0	3	0	1.67272438576	0	1.59776041346	0	0	2
5	-0.142974884524	0.981222368359	1	4	0	2	-0.142974884524	1.65630950144	0	1.28694375638	0	0	2
3	0.197577675632	0.31014032426	0	3	0	2	0	0.787749947518	0	0.590172271886	0	0	2
2	-0.150018016324	-0.0423680947568	2	0	0	0	-0.192386111081	0	0	0	0	0	2
4	0.156807657282	0.601115031142	0	4	0	2	0	1.29752906602	0	0.911255355402	0	0	2
4	-0.0423680947568	0.17859564279	1	3	0	0	-0.0423680947568	0.403159576349	0	0	0	0	2
4	0.31014032426	0.490972082222	0	4	0	4	0	1.6557207447	0	1.6557207447	0	0	2
3	-0.0423680947568	0.156605440337	1	2	0	0	-0.0423680947568	0.308354692036	0	0	0	0	2
8	0.0841272892162	0.701540751614	0	8	0	3	0	2.48524421918	0	1.78588632922	0	0	2
5	-1.36647484148	0.492599142007	1	4	1	4	-1.36647484148	1.61824810535	-1.36647484148	1.61824810535	0	0	-1
4	0.0463816609331	0.688105650657	0	4	0	1	0	1.03432495283	0	0.688105650657	0	0	2
2	0.136582101729	0.329369195298	0	2	0	1	0	0.465951297027	0	0.329369195298	0	0	-3
3	-1.63480885937e-05	0.559891266035	1	2	0	1	-1.63480885937e-05	0.757468941667	0	0.559891266035	0	0	2
3	-0.587181772587	0.31014032426	2	1	1	1	-0.619137204587	0.31014032426	-0.587181772587	0.31014032426	0	0	-3
3	0.121572187398	0.960316044073	0	3	0	1	0	1.32889262442	0	0.960316044073	0	0	2
5	-0.359489808659	0.276192332519	2	3	2	2	-0.615630541731	0.632259997216	-0.615630541731	0.534644064653	0	0	2
3	-0.725326178451	0.289835544377	1	2	1	1	-0.725326178451	0.316357263261	-0.725326178451	0.289835544377	0	0	2
3	-0.249678983393	0.31014032426	2	1	0	1	-0.494103768602	0.31014032426	0	0.31014032426	0	0	-2
4	-0.186974883501	0.264978213508	3	1	0	1	-0.236722383585	0.264978213508	0	0.264978213508	0	0	-2
2	-0.179313929314	-0.0319554320005	2	0	0	0	-0.211269361314	0	0	0	0	0	-3
6	0.119163717273	0.90758067288	0	6	0	4	0	2.49984695556	0	2.2050866538	0	0	2
4	0.140962538252	0.981222368359	0	4	0	3	0	1.79140023601	0	1.65043769775	0	0	3
6	-0.249678983393	0.777777777778	3	3	0	1	-0.494663496201	1.15094854317	0	0.777777777778	0	0	1
1	-0.198110841762	-0.198110841762	1	0	0	0	-0.198110841762	0	0	0	0	0	-1
5	0.140962538252	0.957560739284	0	5	0	4	0	2.76601893605	0	2.6250563978	0	0	2
2	-0.969424460432	-0.635107767003	2	0	2	0	-1.60453222744	0	-1.60453222744	0	0	0	-2
2	-0.186974883501	0.346540647393	1	1	0	1	-0.186974883501	0.346540647393	0	0.346540647393	0	0	-1
3	0.121572187398	0.559891266035	0	3	0	2	0	1.00389120448	0	0.882319017082	0	0	2
2	-0.38090679962	0.17559308976	1	1	1	0	-0.38090679962	0.17559308976	-0.38090679962	0	0	0	-2
2	-0.473741824605	-0.272757488049	2	0	2	0	-0.746499312654	0	-0.746499312654	0	0	0	-3
3	-0.473741824605	0.0200793724637	2	1	2	0	-0.746499312654	0.0200793724637	-0.746499312654	0	0	0	-3
3	0.00379066103573	0.31014032426	0	3	0	1	0	0.420570362573	0	0.31014032426	0	0	2
4	-0.0423680947568	0.81907877633	1	3	0	2	-0.0423680947568	1.25286190006	0	1.14150652738	0	0	2
3	-0.0319554320005	0.386135423664	1	2	0	2	-0.0319554320005	0.696275747924	0	0.696275747924	0	0	2
4	0.000107122033907	0.688105650657	0	4	0	3	0	1.31170109826	0	1.31159397623	0	0	2
3	0.301060574527	0.688105650657	0	3	0	3	0	1.31159397623	0	1.31159397623	0	0	2
4	-0.0423680947568	0.327913017055	1	3	0	2	-0.0423680947568	0.654131429138	0	0.650340768102	0	0	2
5	0.00379066103573	0.366518305906	0	5	0	3	0	1.20129326725	0	0.999924930587	0	0	2
5	-0.773301478274	0.877360228424	1	4	1	2	-0.773301478274	1.40886758394	-0.773301478274	1.17842080295	0	0	2
3	-0.0423680947568	0.322427751047	1	2	0	2	-0.0423680947568	0.623488325574	0	0.623488325574	0	0	2
6	0.0519473089615	0.327913017055	0	6	0	2	0	1.10685832108	0	0.592891230563	0	0	2
4	0.00379066103573	0.197577675632	0	4	0	0	0	0.377073178712	0	0	0	0	2
5	-0.0423680947568	0.90758067288	1	4	0	3	-0.0423680947568	1.66014774768	0	1.54098403041	0	0	2
8	-0.587181772587	1.20800716705	2	6	2	4	-0.839291148861	3.23547047465	-0.839291148861	3.05977026286	0	0	-3
3	-0.0559679024603	0.559891266035	1	2	0	1	-0.0559679024603	0.757468941667	0	0.559891266035	0	0	2
4	-0.0559679024603	0.412935653109	1	3	0	3	-0.0559679024603	1.03642397868	0	1.03642397868	0	0	2
3	-0.0559679024603	0.65	1	2	0	1	-0.0559679024603	0.847577675632	0	0.65	0	0	2
5	-0.129881513275	0.735138682996	2	3	0	2	-0.185849415735	1.04668868408	0	1.03619925752	0	0	2
5	-0.0559679024603	0.81907877633	1	4	0	3	-0.0559679024603	1.63556082307	0	1.47874465572	0	0	2
3	-0.0559679024603	1.39401430504	1	2	0	2	-0.0559679024603	1.69507487957	0	1.69507487957	0	0	2
4	-1.36647484148	0.195574381543	3	1	1	0	-1.58082212174	0.195574381543	-1.36647484148	0	0	0	2
2	-0.0559679024603	1.10749329478	1	1	0	1	-0.0559679024603	1.10749329478	0	1.10749329478	0	0	2
3	-0.129881513275	0.0104894265617	2	1	0	0	-0.185849415735	0.0104894265617	0	0	0	0	2
1	-0.0319554320005	-0.0319554320005	1	0	0	0	-0.0319554320005	0	0	0	0	0	-2
4	-0.192264344262	0.301060574527	3	1	0	1	-0.34088221132	0.301060574527	0	0.301060574527	0	0	2
3	-0.161386815833	0.17559308976	2	1	0	0	-0.217354718293	0.17559308976	0	0	0	0	-1
4	-0.0319554320005	0.559891266035	1	3	0	1	-0.0319554320005	0.789262507407	0	0.559891266035	0	0	2
5	-0.0559679024603	0.892695320188	2	3	0	2	-0.0983359972171	1.57409001245	0	1.46130062792	0	0	2
4	-0.0559679024603	0.151113818308	2	2	0	0	-0.0667259129639	0.220138230106	0	0	0	0	2
3	-0.0559679024603	0.261323469769	1	2	0	1	-0.0559679024603	0.486496482496	0	0.261323469769	0	0	3
5	-0.0559679024603	0.582795797063	1	4	0	2	-0.0559679024603	1.27579281073	0	1.04095448166	0	0	3
5	-0.469114303681	-0.0162479710196	5	0	2	0	-1.03279369764	0	-0.928622392159	0	0	0	-2
3	-0.715524453627	0.197577675632	2	1	1	0	-0.939182710884	0.197577675632	-0.715524453627	0	0	0	-3
6	-0.232750904032	0.877926217362	2	4	0	2	-0.288718806492	1.47413354463	0	1.13573772906	0	0	3
1	0.290441176471	0.290441176471	0	1	0	1	0	0.290441176471	0	0.290441176471	0	0	-1
3	-0.735824069727	0.197577675632	2	1	1	0	-0.813540442257	0.197577675632	-0.735824069727	0	0	0	-2
4	-0.249678983393	0.777777777778	3	1	0	1	-0.312609023597	0.777777777778	0	0.777777777778	0	0	-2
4	-0.0559679024603	0.892695320188	2	2	0	1	-0.0983359972171	1.07820987847	0	0.892695320188	0	0	2
5	-0.0559679024603	0.90758067288	1	4	0	2	-0.0559679024603	1.3408022063	0	1.21855627936	0	0	2
3	0.197577675632	0.454400317212	0	3	0	2	0	0.962118317104	0	0.764540641472	0	0	2
3	-0.226425240674	0.386135423664	1	2	0	1	-0.226425240674	0.583713099296	0	0.386135423664	0	0	2
5	-0.136899919566	0.31014032426	1	4	0	1	-0.136899919566	0.514492521829	0	0.31014032426	0	0	2
3	0.197577675632	0.688105650657	0	3	0	2	0	1.19582365055	0	0.998245974917	0	0	2
2	0.165420718701	0.247004392946	0	2	0	0	0	0.412425111647	0	0	0	0	2
3	-0.0559679024603	0.31014032426	1	2	0	1	-0.0559679024603	0.527689389769	0	0.31014032426	0	0	2
4	0.221215536982	0.81907877633	0	4	0	3	0	1.67286238862	0	1.45164685164	0	0	2
3	0.113063313055	0.688105650657	0	3	0	2	0	1.11130928797	0	0.998245974917	0	0	2
4	0.31014032426	0.892695320188	0	4	0	4	0	2.48716664548	0	2.48716664548	0	0	2
6	-1.47389947261	0.892695320188	1	5	1	5	-1.47389947261	2.67227062942	-1.47389947261	2.67227062942	0	0	2
1	0.892695320188	0.892695320188	0	1	0	1	0	0.892695320188	0	0.892695320188	0	0	2
4	0.160663011089	0.454400317212	0	4	0	2	0	1.09538005836	0	0.73713937164	0	0	2
5	-0.365836223302	0.484327085808	2	3	1	1	-0.524215601105	0.737343509912	-0.365836223302	0.484327085808	0	0	-1
4	0.0565124193096	0.598657948458	0	4	0	2	0	1.11705994373	0	0.908798272718	0	0	2
3	-0.0559679024603	0.688105650657	1	2	0	1	-0.0559679024603	0.885683326289	0	0.688105650657	0	0	2
2	0.31014032426	0.559891266035	0	2	0	2	0	0.870031590295	0	0.870031590295	0	0	2
3	-0.226425240674	0.31014032426	1	2	0	1	-0.226425240674	0.31153718099	0	0.31014032426	0	0	2
4	-0.155671532815	0.31014032426	1	3	0	1	-0.155671532815	0.495969726645	0	0.31014032426	0	0	2
2	0.197577675632	0.31014032426	0	2	0	1	0	0.507717999892	0	0.31014032426	0	0	2
4	0.270948339473	0.400714835687	0	4	0	4	0	1.26183544705	0	1.26183544705	0	0	2
5	-0.745327716002	0.557161996082	1	4	1	3	-0.745327716002	1.38067439323	-0.745327716002	1.13825451824	0	0	2
3	0.197577675632	0.386135423664	0	3	0	2	0	0.884773673823	0	0.687195998191	0	0	2
4	0.00139685673013	0.31014032426	0	4	0	1	0	0.667020369042	0	0.31014032426	0	0	2
4	-0.712319756407	0.31014032426	2	2	1	1	-0.9619987398	0.507717999892	-0.712319756407	0.31014032426	0	0	-3
4	-0.249678983393	0.31014032426	3	1	0	1	-0.65651898981	0.31014032426	0	0.31014032426	0	0	-2
5	-0.0423680947568	0.794310812364	1	4	0	2	-0.0423680947568	1.53201108877	0	1.37710660943	0	0	2
3	-0.299028787728	-0.0559679024603	3	0	1	0	-0.432713062718	0	-0.299028787728	0	0	0	1
3	-0.315810336942	0.280031947626	1	2	1	1	-0.315810336942	0.455625037386	-0.315810336942	0.280031947626	0	0	-1
6	0.119163717273	0.484889076726	0	6	0	4	0	1.85765865583	0	1.50297110294	0	0	2
2	0.31014032426	0.81907877633	0	2	0	2	0	1.12921910059	0	1.12921910059	0	0	2
4	-0.215251536744	0.406706413929	2	2	0	1	-0.369751472278	0.582299503689	0	0.406706413929	0	0	-2
4	-0.249678983393	0.31014032426	3	1	0	1	-0.485953038464	0.31014032426	0	0.31014032426	0	0	-2
3	0.202946153081	0.31014032426	0	3	0	1	0	0.739534593017	0	0.31014032426	0	0	2
2	0.31014032426	0.944420455316	0	2	0	2	0	1.25456077958	0	1.25456077958	0	0	3
4	0.140962538252	0.442406231895	0	4	0	2	0	1.16844358628	0	0.851887958265	0	0	3
2	-0.716676166952	0.197577675632	1	1	1	0	-0.716676166952	0.197577675632	-0.716676166952	0	0	0	-1
6	-0.0423680947568	0.395016339869	1	5	0	3	-0.0423680947568	1.19968039922	0	1.02470997869	0	0	2
3	-0.0423680947568	0.352001616268	1	2	0	1	-0.0423680947568	0.355083825932	0	0.352001616268	0	0	2
5	0.00308220966365	0.892695320188	0	5	0	3	0	2.06872631525	0	1.89375589471	0	0	2
2	-0.261499905617	-0.236369897328	2	0	1	0	-0.497869802945	0	-0.261499905617	0	0	0	-3
3	0.0898050428717	0.301060574527	0	3	0	1	0	0.567382888124	0	0.301060574527	0	0	2
2	0.278846153846	0.301060574527	0	2	0	2	0	0.579906728373	0	0.579906728373	0	0	2
3	0.171888210868	0.358605304862	0	3	0	2	0	0.84594587068	0	0.674057659812	0	0	2
6	-0.0305946403552	1.09629916401	1	5	0	2	-0.0305946403552	1.70695123575	0	1.39735973854	0	0	2
1	0.213716990415	0.213716990415	0	1	0	0	0	0.213716990415	0	0	0	0	3
5	0.140962538252	0.957560739284	0	5	0	4	0	2.76601893605	0	2.6250563978	0	0	2
3	0.212996811076	0.373732401463	0	3	0	2	0	0.901732952949	0	0.688736141873	0	0	3
3	0.00308220966365	0.208750949321	0	3	0	0	0	0.233013577571	0	0	0	0	2
3	-0.116625190373	0.582795797063	1	2	0	2	-0.116625190373	0.98351063275	0	0.98351063275	0	0	2
3	0.00308220966365	0.404969230046	0	3	0	2	0	0.808766275397	0	0.805684065733	0	0	2
2	-0.715524453627	0.197577675632	1	1	1	0	-0.715524453627	0.197577675632	-0.715524453627	0	0	0	-3
1	-0.20882435516	-0.20882435516	1	0	0	0	-0.20882435516	0	0	0	0	0	3
1	-0.223658257257	-0.223658257257	1	0	0	0	-0.223658257257	0	0	0	0	0	2
0	0	0	0	0	0	0	0	0	0	0	0	0	3
4	0.00308220966365	0.455812548712	0	4	0	1	0	0.661982071636	0	0.455812548712	0	0	2
2	0.113063313055	0.716413458768	0	2	0	1	0	0.829476771823	0	0.716413458768	0	0	2
3	7.8345342539e-05	0.831000403805	0	3	0	2	0	1.15350650019	0	1.15342815485	0	0	2
2	-0.20882435516	0.831000403805	1	1	0	1	-0.20882435516	0.831000403805	0	0.831000403805	0	0	2
3	-0.249678983393	-0.153334173175	3	0	0	0	-0.585896535845	0	0	0	0	0	-2
3	-0.552075130516	-0.0319554320005	3	0	1	0	-0.792854917676	0	-0.552075130516	0	0	0	-3
2	-0.318784547598	0.238053311235	1	1	1	0	-0.318784547598	0.238053311235	-0.318784547598	0	0	0	-3
2	-0.216647072398	-0.0319554320005	2	0	0	0	-0.248602504398	0	0	0	0	0	-3
2	-0.318784547598	-0.20882435516	2	0	1	0	-0.527608902758	0	-0.318784547598	0	0	0	-3
2	-0.318784547598	-0.20882435516	2	0	1	0	-0.527608902758	0	-0.318784547598	0	0	0	-3
3	-0.318784547598	0.136582101729	2	1	1	0	-0.350739979599	0.136582101729	-0.318784547598	0	0	0	-3
1	-0.318784547598	-0.318784547598	1	0	1	0	-0.318784547598	0	-0.318784547598	0	0	0	-3
4	-0.549383511998	0.00379066103573	3	1	3	0	-1.13042827822	0.00379066103573	-1.13042827822	0	0	0	-3
3	-0.318784547598	0.17559308976	2	1	1	0	-0.350739979599	0.17559308976	-0.318784547598	0	0	0	-3
6	-0.318784547598	0.31014032426	3	3	1	1	-0.410424023664	0.52599802074	-0.318784547598	0.31014032426	0	0	-3
2	0.197577675632	0.301060574527	0	2	0	1	0	0.498638250159	0	0.301060574527	0	0	2
4	0.00379066103573	0.559975687948	0	4	0	2	0	1.32123529065	0	1.11986695398	0	0	2
2	0.557161996082	0.842628724129	0	2	0	2	0	1.39979072021	0	1.39979072021	0	0	2
3	-0.29290262896	0.197577675632	2	1	1	0	-0.34887053142	0.197577675632	-0.29290262896	0	0	0	-2
4	-0.226425240674	0.316362546046	2	2	0	1	-0.282393143134	0.513940221678	0	0.316362546046	0	0	2
2	-0.0559679024603	0.000107122033907	1	1	0	0	-0.0559679024603	0.000107122033907	0	0	0	0	2
4	-0.0559679024603	0.510618147508	1	3	0	1	-0.0559679024603	0.688084892476	0	0.510618147508	0	0	3
7	-0.0559679024603	0.591314447964	1	6	0	1	-0.0559679024603	1.06315183152	0	0.591314447964	0	0	3
5	-0.0559679024603	0.688105650657	1	4	0	1	-0.0559679024603	0.981224506447	0	0.688105650657	0	0	2
3	-0.0559679024603	0.454400317212	1	2	0	1	-0.0559679024603	0.651977992844	0	0.454400317212	0	0	2
1	-0.0559679024603	-0.0559679024603	1	0	0	0	-0.0559679024603	0	0	0	0	0	-2
2	0.17559308976	1.10749329478	0	2	0	1	0	1.28308638454	0	1.10749329478	0	0	2
4	-0.534397233203	-0.158379377803	4	0	1	0	-1.1294304779	0	-0.534397233203	0	0	0	-2
3	-0.226425240674	0.270259227162	1	2	0	1	-0.226425240674	0.467836902794	0	0.270259227162	0	0	2
2	-0.299439576249	0.301060574527	1	1	1	1	-0.299439576249	0.301060574527	-0.299439576249	0.301060574527	0	0	2
3	0.00379066103573	1.10749329478	0	3	0	1	0	1.23906447248	0	1.10749329478	0	0	2
4	-0.0845337437771	0.197577675632	2	2	0	0	-0.140501646237	0.334159777361	0	0	0	0	-2
6	-0.385751752553	0.698653289786	2	4	2	2	-0.725741771741	1.20108220098	-0.725741771741	0.999713864313	0	0	-2
7	0.140962538252	0.90758067288	0	7	0	5	0	2.47078376149	0	2.15422813348	0	0	2
4	0.197577675632	0.90758067288	0	4	0	3	0	1.94342941062	0	1.74585173498	0	0	2
2	0.197577675632	0.688105650657	0	2	0	1	0	0.885683326289	0	0.688105650657	0	0	2
3	0.22946605334	0.81907877633	0	3	0	2	0	1.46409217576	0	1.23462612242	0	0	2
2	-0.0423680947568	0.31014032426	1	1	0	1	-0.0423680947568	0.31014032426	0	0.31014032426	0	0	2
1	0.464644629904	0.464644629904	0	1	0	1	0	0.464644629904	0	0.464644629904	0	0	2
3	-0.0423680947568	0.156605440337	1	2	0	0	-0.0423680947568	0.308354692036	0	0	0	0	2
6	-0.0423680947568	0.518766831718	2	4	0	1	-0.0847361895136	0.762060258024	0	0.518766831718	0	0	2
6	0.121572187398	0.525062327857	0	6	0	4	0	1.74912269066	0	1.44282513824	0	0	2
5	0.184725365028	0.90758067288	0	5	0	2	0	1.79559841934	0	1.21772099714	0	0	2
6	-0.269131428988	1.9846396219	1	5	1	3	-0.269131428988	3.3907486347	-0.269131428988	3.03043017992	0	0	2
7	-0.214524256209	0.320945600316	2	5	0	2	-0.230772227229	1.01717962627	0	0.631085924576	0	0	2
5	-0.0423680947568	0.794310812364	1	4	0	2	-0.0423680947568	1.71331985988	0	1.35428650031	0	0	2
5	-0.122379185554	0.280031947626	2	3	0	1	-0.164747280311	0.384689877596	0	0.280031947626	0	0	2
3	-0.0423680947568	0.90758067288	1	2	0	2	-0.0423680947568	1.23000842393	0	1.23000842393	0	0	2
4	-0.0423680947568	0.598657948458	1	3	0	1	-0.0423680947568	0.78328383006	0	0.598657948458	0	0	2
4	-0.514737307794	0.440154373795	1	3	1	3	-0.514737307794	1.05135527258	-0.514737307794	1.05135527258	0	0	2
4	-0.0319554320005	0.440154373795	1	3	0	2	-0.0319554320005	0.823617501711	0	0.748653529411	0	0	2
3	-0.0423680947568	0.282739054428	1	2	0	1	-0.0423680947568	0.48031673006	0	0.282739054428	0	0	2
4	-0.120966065652	0.716413458768	1	3	0	2	-0.120966065652	1.14216376106	0	1.02655378303	0	0	2
5	-0.223658257257	0.81907877633	2	3	0	3	-0.266026352014	1.50017876717	0	1.50017876717	0	0	2
9	-0.0423680947568	0.831000403805	1	8	0	2	-0.0423680947568	1.57532661324	0	1.13206097833	0	0	2
5	-0.0423680947568	0.559891266035	1	4	0	2	-0.0423680947568	1.12555026551	0	0.824869479543	0	0	2
4	-0.0423680947568	0.688105650657	1	3	0	2	-0.0423680947568	1.19834389867	0	1.00076622304	0	0	2
2	-0.0423680947568	0.20167293714	1	1	0	0	-0.0423680947568	0.20167293714	0	0	0	0	2
3	-0.0423680947568	0.820939475002	1	2	0	1	-0.0423680947568	0.934002788057	0	0.820939475002	0	0	2
6	-0.473741824605	0.0211804185866	4	2	2	0	-0.997691762571	0.0412597910503	-0.746499312654	0	0	0	-3
7	-0.0423680947568	0.31097560648	1	6	0	2	-0.0423680947568	1.14316772479	0	0.563139122089	0	0	-2
6	-0.0423680947568	0.90758067288	1	5	0	3	-0.0423680947568	1.78934054902	0	1.58868066372	0	0	2
3	-0.0423680947568	0.303979772187	1	2	0	1	-0.0423680947568	0.417043085242	0	0.303979772187	0	0	2
3	-0.0423680947568	0.386135423664	1	2	0	1	-0.0423680947568	0.583713099296	0	0.386135423664	0	0	2
4	-0.0423680947568	0.960316044073	1	3	0	3	-0.0423680947568	1.61065681217	0	1.61065681217	0	0	2
2	-0.0423680947568	0.322427751047	1	1	0	1	-0.0423680947568	0.322427751047	0	0.322427751047	0	0	2
3	-0.0423680947568	0.559891266035	1	2	0	2	-0.0423680947568	1.05086334826	0	1.05086334826	0	0	2
5	-0.0319554320005	0.665165678428	1	4	0	2	-0.0319554320005	1.19119685154	0	1.04844424556	0	0	3
4	-0.509602194787	0.877360228424	2	2	1	2	-0.511511351161	1.29804174304	-0.509602194787	1.29804174304	0	0	2
3	-0.0423680947568	0.788647853154	1	2	0	1	-0.0423680947568	1.0356522461	0	0.788647853154	0	0	2
3	-1.36647484148	0.420681514615	1	2	1	2	-1.36647484148	0.735685255025	-1.36647484148	0.735685255025	0	0	-2
4	0.00308220966365	0.90758067288	0	4	0	2	0	1.33996692408	0	1.21772099714	0	0	2
3	-0.977285307205	0.197577675632	2	1	1	0	-1.01965340196	0.197577675632	-0.977285307205	0	0	0	-2
2	-0.0423680947568	0.681942368842	1	1	0	1	-0.0423680947568	0.681942368842	0	0.681942368842	0	0	2
4	-0.0423680947568	1.04239025585	1	3	0	2	-0.0423680947568	1.45495419188	0	1.45187198222	0	0	3
5	-0.0423680947568	0.404969230046	1	4	0	2	-0.0423680947568	0.914485539094	0	0.715944836526	0	0	2
5	-0.828069657302	-0.0176371779131	5	0	2	0	-1.63902901692	0	-1.42064436645	0	0	0	-3
3	-0.977285307205	0.322674682001	1	2	1	1	-0.977285307205	0.520252357633	-0.977285307205	0.322674682001	0	0	-2
2	-0.931034482759	-0.318784547598	2	0	2	0	-1.24981903036	0	-1.24981903036	0	0	0	-3
4	0.197577675632	0.688105650657	0	4	0	3	0	1.9491250345	0	1.75154735887	0	0	2
5	-0.0319554320005	0.632916712532	1	4	0	4	-0.0319554320005	1.75063770641	0	1.75063770641	0	0	2
3	0.197577675632	0.301060574527	0	3	0	1	0	0.741058125156	0	0.301060574527	0	0	2
1	-0.0416085632219	-0.0416085632219	1	0	0	0	-0.0416085632219	0	0	0	0	0	2
4	-0.587181772587	-0.00335302543268	4	0	1	0	-0.986711373734	0	-0.587181772587	0	0	0	-2
4	0.0994468363162	0.598657948458	0	4	0	2	0	1.21268822778	0	0.908798272718	0	0	2
5	-0.405115313314	0.632916712532	2	3	2	1	-0.799044667114	0.882441697126	-0.799044667114	0.632916712532	0	0	-2
4	-0.735824069727	0.197577675632	1	3	1	0	-0.735824069727	0.198143330075	-0.735824069727	0	0	0	-3
2	-0.776988614944	-0.186974883501	2	0	1	0	-0.963963498445	0	-0.776988614944	0	0	0	-3
2	-0.364312415494	0.0211804185866	1	1	1	0	-0.364312415494	0.0211804185866	-0.364312415494	0	0	0	-3
3	-0.0319554320005	0.557161996082	1	2	0	2	-0.0319554320005	1.01156231329	0	1.01156231329	0	0	2
5	-0.154499935534	0.820939475002	2	3	0	2	-0.165257946038	1.2045900875	0	1.08542637023	0	0	2
5	-0.0423680947568	0.688105650657	2	3	0	2	-0.0743235267573	1.44203118507	0	1.24526764674	0	0	2
3	-0.0423680947568	1.67741436874	1	2	0	1	-0.0423680947568	1.81399647047	0	1.67741436874	0	0	2
4	-0.828069657302	0.264486895225	2	2	1	1	-0.835031795046	0.268277556261	-0.828069657302	0.264486895225	0	0	-2
6	-0.735824069727	0.17559308976	4	2	1	0	-0.868496099521	0.289568336355	-0.735824069727	0	0	0	-3
3	0.31014032426	0.81358008892	0	3	0	3	0	1.7490747285	0	1.7490747285	0	0	2
6	-0.39215642021	0.625354315316	3	3	1	2	-0.515873292377	1.13716757672	-0.39215642021	0.935494639576	0	0	-2
7	-1.03484543855	0.625354315316	5	2	3	2	-2.43124638452	0.935494639576	-2.19046659736	0.935494639576	0	0	-3
4	-0.587181772587	0.625354315316	1	3	1	2	-0.587181772587	1.13307231521	-0.587181772587	0.935494639576	0	0	-3
5	0.0146983697497	0.625354315316	0	5	0	3	0	1.33789173382	0	1.30201294548	0	0	2
6	0.0519473089615	1.19023921774	0	6	0	4	0	2.70281745646	0	2.47227450471	0	0	2
6	-0.644819457009	0.790121201048	5	1	3	1	-2.12655717674	0.790121201048	-1.66805383818	0.790121201048	0	0	-3
4	-0.552075130516	0.239334645093	2	2	1	0	-0.584030562516	0.239412990436	-0.552075130516	0	0	0	-3
6	-0.36951172679	0.31014032426	1	5	1	1	-0.36951172679	0.696781065565	-0.36951172679	0.31014032426	0	0	2
4	-0.0650175602214	0.790121201048	2	2	0	1	-0.107385654978	0.819815158718	0	0.790121201048	0	0	2
4	-0.552297181585	0.31014032426	2	2	1	1	-0.768944253983	0.507717999892	-0.552297181585	0.31014032426	0	0	-3
7	7.8345342539e-05	1.67741436874	0	7	0	4	0	3.59071238189	0	3.23203300599	0	0	3
4	0.183007940797	0.625354315316	0	4	0	3	0	1.42864290463	0	1.24563496384	0	0	3
4	0.197577675632	0.625354315316	0	4	0	3	0	1.62041625227	0	1.42283857664	0	0	2
5	0.113063313055	0.716413458768	0	5	0	4	0	2.08739916245	0	1.97433584939	0	0	2
4	-0.0319554320005	0.777777777778	1	3	0	3	-0.0319554320005	1.71327241735	0	1.71327241735	0	0	-2
6	0.0211804185866	0.625354315316	0	6	0	3	0	1.63069058704	0	1.19756282755	0	0	3
1	-0.214524256209	-0.214524256209	1	0	0	0	-0.214524256209	0	0	0	0	0	-3
7	-0.745327716002	0.867716460208	1	6	1	4	-0.745327716002	2.25662134948	-0.745327716002	2.05896532851	0	0	2
6	-0.534397233203	0.625354315316	2	4	1	3	-0.57676532796	1.43650193994	-0.534397233203	1.26789586384	0	0	-2
6	-1.63480885937e-05	0.625354315316	1	5	0	5	-1.63480885937e-05	2.0878887995	0	2.0878887995	0	0	2
8	-0.552297181585	0.625354315316	5	3	3	2	-1.52053196167	1.13307231521	-1.25714848827	0.935494639576	0	0	-2
3	-0.959224820198	0.197577675632	2	1	2	0	-1.4936220534	0.197577675632	-1.4936220534	0	0	0	-3
4	0.113975246595	0.31014032426	0	4	0	1	0	0.760590187582	0	0.31014032426	0	0	2
5	-1.15399615896	0.31014032426	3	2	2	1	-2.16368435613	0.494865689288	-2.00799231792	0.31014032426	0	0	-2
5	0.0370558750278	0.329369195298	0	5	0	2	0	1.05886843525	0	0.639509519558	0	0	-3
5	0.184725365028	0.372721038126	0	5	0	3	0	1.3485192967	0	0.96621625604	0	0	2
6	-0.154499935534	0.464644629904	1	5	0	3	-0.154499935534	1.35279892594	0	1.09721270521	0	0	2
6	-0.473741824605	0.31014032426	3	3	2	1	-0.902191350861	0.514945061752	-0.746499312654	0.31014032426	0	0	-3
6	-0.715524453627	0.331940682291	2	4	2	2	-1.15811554169	1.02438404721	-1.15811554169	0.642081006551	0	0	-3
6	-0.715524453627	0.31014032426	2	4	1	1	-0.932171526025	0.696234025956	-0.715524453627	0.31014032426	0	0	-3
6	-0.0559679024603	0.665165678428	2	4	0	2	-0.0879233344608	1.34303930851	0	0.975306002688	0	0	-3
2	-0.137239198291	0.176517270725	1	1	0	0	-0.137239198291	0.176517270725	0	0	0	0	-3
4	-0.321945849245	0.31014032426	1	3	1	1	-0.321945849245	0.391560611481	-0.321945849245	0.31014032426	0	0	-3
4	-0.715524453627	0.197577675632	3	1	1	0	-0.947573105089	0.197577675632	-0.715524453627	0	0	0	-3
4	0.113063313055	1.9846396219	0	4	0	3	0	2.99752792665	0	2.88446461359	0	0	2
5	-0.0319554320005	0.7	1	4	0	2	-0.0319554320005	1.31643787669	0	1.01014032426	0	0	3
6	-0.186974883501	0.464644629904	1	5	0	3	-0.186974883501	1.35992866044	0	1.05363110801	0	0	2
7	-1.08247301889	0.31014032426	4	3	3	1	-2.2936451411	0.516046107875	-2.2616897091	0.31014032426	0	0	-2
4	-0.142974884524	1.67741436874	1	3	0	2	-0.142974884524	1.98763303834	0	1.987554693	0	0	-3
6	7.8345342539e-05	0.90758067288	0	6	0	4	0	2.08362469835	0	1.89882098798	0	0	2
4	0.0994468363162	0.31014032426	0	4	0	1	0	0.791890201236	0	0.31014032426	0	0	-3
7	-0.61956390524	0.31014032426	5	2	4	1	-1.98000288637	0.494865689288	-1.77117853121	0.31014032426	0	0	-3
8	0.111355372686	0.90758067288	0	8	0	5	0	2.61328043667	0	2.11962202333	0	0	2
5	-0.441367602601	0.874923149378	2	3	1	2	-0.589337473914	1.20618481229	-0.441367602601	1.18506347364	0	0	-3
4	-0.232750904032	0.31014032426	1	3	0	1	-0.232750904032	0.531921564316	0	0.31014032426	0	0	2
7	-0.295317637324	0.428660569725	1	6	1	2	-0.295317637324	1.2580297476	-0.295317637324	0.738800893985	0	0	3
5	0.0749639722999	0.867716460208	0	5	0	2	0	1.63512379743	0	1.17785678447	0	0	2
6	-0.745327716002	0.404969230046	2	4	1	3	-0.777283148002	1.21081052581	-0.745327716002	1.02608516079	0	0	2
3	0.31014032426	0.81907877633	0	3	0	3	0	1.45164685164	0	1.45164685164	0	0	2
4	-0.0423680947568	0.228451078097	1	3	0	0	-0.0423680947568	0.57265024395	0	0	0	0	2
2	0.31014032426	0.484889076726	0	2	0	2	0	0.795029400986	0	0.795029400986	0	0	2
5	0.0519473089615	0.4581586846	0	5	0	2	0	1.12860100986	0	0.76829900886	0	0	2
8	0.00139685673013	0.404969230046	0	8	0	3	0	1.66415840909	0	1.02608516079	0	0	2
2	0.119514634553	0.261323469769	0	2	0	1	0	0.380838104322	0	0.261323469769	0	0	2
4	0.00308220966365	0.31014032426	0	4	0	1	0	0.536597239853	0	0.31014032426	0	0	2
4	-0.186974883501	0.31014032426	1	3	0	1	-0.186974883501	0.553710372653	0	0.31014032426	0	0	1
5	-0.0319554320005	1.29751243781	1	4	0	3	-0.0319554320005	2.14441535053	0	2.09246804157	0	0	2
4	0.00379066103573	0.81907877633	0	4	0	3	0	1.51304917794	0	1.50925851691	0	0	2
7	-0.177383622912	0.323266300421	1	6	0	3	-0.177383622912	1.40321904088	0	0.950167833095	0	0	2
4	0.00308220966365	0.371304391207	0	4	0	3	0	0.949505138639	0	0.946422928975	0	0	2
4	-0.587181772587	1.02645729929	2	2	1	2	-0.824978970498	1.33659762355	-0.587181772587	1.33659762355	0	0	-2
3	0.31014032426	0.960316044073	0	3	0	3	0	1.82761836441	0	1.82761836441	0	0	2
3	0.113063313055	0.90758067288	0	3	0	2	0	1.3307843102	0	1.21772099714	0	0	2
3	0.197577675632	0.81907877633	0	3	0	2	0	1.71530974175	0	1.51773206612	0	0	2
4	0.00379066103573	1.20800716705	0	4	0	2	0	1.82979714974	0	1.65041339895	0	0	3
5	-0.233377558884	0.301060574527	3	2	0	1	-0.444530802134	0.407699951804	0	0.301060574527	0	0	2
3	-0.0845337437771	0.557161996082	2	1	0	1	-0.126901838534	0.557161996082	0	0.557161996082	0	0	2
3	0.111355372686	0.90758067288	0	3	0	2	0	1.32907636983	0	1.21772099714	0	0	2
5	-0.587181772587	-0.0319554320005	5	0	2	0	-1.01367292581	0	-0.89005022748	0	0	0	-3
3	-0.0423680947568	0.81907877633	1	2	0	2	-0.0423680947568	1.37624077241	0	1.37624077241	0	0	2
3	-0.594341005718	-0.0423680947568	3	0	2	0	-0.888818476749	0	-0.846450381992	0	0	0	-2
4	-0.0423680947568	0.464644629904	1	3	0	3	-0.0423680947568	1.03993089924	0	1.03993089924	0	0	2
2	-0.0319554320005	0.386135423664	1	1	0	1	-0.0319554320005	0.386135423664	0	0.386135423664	0	0	-2
2	0.17559308976	0.197577675632	0	2	0	0	0	0.373170765392	0	0	0	0	-2
4	-0.0423680947568	0.464644629904	1	3	0	3	-0.0423680947568	1.03993089924	0	1.03993089924	0	0	2
3	-0.0423680947568	0.831000403805	1	2	0	2	-0.0423680947568	1.15342815485	0	1.15342815485	0	0	2
4	-0.0423680947568	0.404969230046	1	3	0	2	-0.0423680947568	0.819093117628	0	0.706029804573	0	0	2
5	-0.0423680947568	0.454400317212	1	4	0	2	-0.0423680947568	1.1156152131	0	0.777074999213	0	0	2
3	-0.38090679962	0.111612302622	1	2	1	0	-0.38090679962	0.141306260292	-0.38090679962	0	0	0	2
1	0.151749251699	0.151749251699	0	1	0	0	0	0.151749251699	0	0	0	0	-2
4	-0.364312415494	0.619123997679	2	2	1	2	-0.429329975715	0.886974843597	-0.364312415494	0.886974843597	0	0	-3
2	0.247004392946	0.559891266035	0	2	0	1	0	0.806895658981	0	0.559891266035	0	0	2
2	0.17559308976	0.220069547938	0	2	0	0	0	0.395662637698	0	0	0	0	2
1	-0.29894041345	-0.29894041345	1	0	1	0	-0.29894041345	0	-0.29894041345	0	0	0	-2
7	-0.359489808659	0.31097560648	3	4	1	1	-0.571149749326	0.613283093522	-0.359489808659	0.31097560648	0	0	-2
3	-0.735824069727	0.197577675632	2	1	2	0	-1.17841515779	0.197577675632	-1.17841515779	0	0	0	-3
5	0.0211804185866	0.225173012727	0	5	0	0	0	0.668463509646	0	0	0	0	3
2	0.269060912206	0.582795797063	0	2	0	2	0	0.851856709269	0	0.851856709269	0	0	2
3	0.197577675632	0.688105650657	0	3	0	2	0	1.31620832197	0	1.11863064634	0	0	2
4	-0.977285307205	0.197577675632	1	3	1	0	-0.977285307205	0.412634489979	-0.977285307205	0	0	0	-2
6	0.00139685673013	0.322674682001	0	6	0	1	0	0.846495034493	0	0.322674682001	0	0	2
2	-0.742395548547	0.322427751047	1	1	1	1	-0.742395548547	0.322427751047	-0.742395548547	0.322427751047	0	0	-2
3	0.197577675632	0.54987028017	0	3	0	2	0	1.13358337947	0	0.936005703834	0	0	2
2	0.197577675632	0.688105650657	0	2	0	1	0	0.885683326289	0	0.688105650657	0	0	2
3	-0.0319554320005	0.301060574527	1	2	0	1	-0.0319554320005	0.466481293228	0	0.301060574527	0	0	2
3	0.322427751047	0.688105650657	0	3	0	3	0	1.50150548393	0	1.50150548393	0	0	2
4	0.115609978031	0.90758067288	0	4	0	3	0	1.69073999556	0	1.57513001753	0	0	2
5	-0.0319554320005	0.81907877633	1	4	0	3	-0.0319554320005	1.65835388714	0	1.4768102152	0	0	2
5	-1.19336722629	0.220069547938	3	2	2	0	-1.6590755731	0.341641735336	-1.6271201411	0	0	0	2
4	-0.433752914812	0.220069547938	2	2	1	0	-0.465708346813	0.341641735336	-0.433752914812	0	0	0	2
4	-0.0423680947568	1.36559403914	1	3	0	2	-0.0423680947568	1.8432036624	0	1.64562598677	0	0	2
5	-0.476801292748	0.31014032426	1	4	1	2	-0.476801292748	0.825139100178	-0.476801292748	0.599975868637	0	0	2
5	7.8345342539e-05	0.31014032426	0	5	0	2	0	0.781904830161	0	0.614072307211	0	0	3
6	0.00379066103573	0.430524995683	0	6	0	3	0	1.51467871892	0	1.14563454999	0	0	2
3	-0.0305946403552	0.31014032426	1	2	0	1	-0.0305946403552	0.477816156525	0	0.31014032426	0	0	2
7	-0.182611182611	1.20800716705	1	6	0	3	-0.182611182611	2.17718242701	0	1.84082217331	0	0	3
3	0.183007940797	0.981222368359	0	3	0	2	0	1.47437063342	0	1.29136269262	0	0	-3
7	-0.0319554320005	0.573497507668	2	5	0	4	-0.0374755852516	1.9728107421	0	1.80513490983	0	0	2
4	0.167675832265	0.867716460208	0	4	0	3	0	1.83650469896	0	1.66882886669	0	0	2
5	-0.0319554320005	0.688105650657	1	4	0	2	-0.0319554320005	1.28726950554	0	1.11863064634	0	0	2
4	-0.0319554320005	0.31014032426	1	3	0	1	-0.0319554320005	0.578202800659	0	0.31014032426	0	0	-3
5	7.8345342539e-05	0.31014032426	0	5	0	2	0	0.802687378077	0	0.611200898787	0	0	2
5	-0.0423680947568	0.735138682996	1	4	0	3	-0.0423680947568	2.04151628685	0	1.84393861122	0	0	2
6	-0.977285307205	0.722664504555	4	2	1	2	-1.06918299259	1.04593080498	-0.977285307205	1.04593080498	0	0	-3
5	-0.0423680947568	0.81907877633	2	3	0	3	-0.0743235267573	1.92787870455	0	1.92787870455	0	0	2
3	0.00379066103573	0.320348449012	0	3	0	2	0	0.625199684575	0	0.621409023539	0	0	2
3	-0.589157630021	0.31014032426	1	2	1	1	-0.589157630021	0.450601398139	-0.589157630021	0.31014032426	0	0	-1
2	-0.29290262896	0.113063313055	1	1	1	0	-0.29290262896	0.113063313055	-0.29290262896	0	0	0	-2
4	-0.0559679024603	0.688105650657	1	3	0	1	-0.0559679024603	1.02614440017	0	0.688105650657	0	0	2
5	7.8345342539e-05	0.944420455316	0	5	0	3	0	2.25385387714	0	2.131921008	0	0	3
5	0.127780516663	1.03545846549	0	5	0	1	0	1.7004356555	0	1.03545846549	0	0	3
5	0.0463816609331	0.764322988074	0	5	0	3	0	1.65535353227	0	1.49590855828	0	0	2
8	-0.248121415859	0.400714835687	2	6	0	1	-0.464768488257	0.802917331679	0	0.400714835687	0	0	2
7	-0.61956390524	0.0463816609331	6	1	5	0	-2.27581549834	0.0463816609331	-2.24386006634	0	0	0	-3
5	-0.0559679024603	0.688105650657	1	4	0	2	-0.0559679024603	1.30443475216	0	1.0105334017	0	0	2
3	-0.0559679024603	0.688105650657	1	2	0	1	-0.0559679024603	0.885683326289	0	0.688105650657	0	0	2
3	0.197577675632	0.404969230046	0	3	0	2	0	0.903607480205	0	0.706029804573	0	0	2
4	0.113063313055	0.960316044073	0	4	0	3	0	2.36040146481	0	2.24733815175	0	0	2
6	-0.458583800306	0.380039416317	2	4	1	3	-0.502811147139	0.991318660447	-0.458583800306	0.991240315104	0	0	2
4	-0.0423680947568	0.892695320188	1	3	0	3	-0.0423680947568	1.83577925839	0	1.83577925839	0	0	2
4	0.143624297576	0.380039416317	0	4	0	2	0	1.0293784197	0	0.690179740577	0	0	-2
4	-0.122244895412	1.33690076763	1	3	0	2	-0.122244895412	1.66963178258	0	1.65190450804	0	0	3
4	-0.571721311475	0.31014032426	2	2	2	2	-0.874589766368	0.611200898787	-0.874589766368	0.611200898787	0	0	-2
3	-0.0423680947568	0.688105650657	1	2	0	1	-0.0423680947568	0.885683326289	0	0.688105650657	0	0	2
4	-0.0423680947568	0.629571900589	1	3	0	1	-0.0423680947568	1.07333983186	0	0.629571900589	0	0	2
4	0.278846153846	0.382033131691	0	4	0	4	0	1.25105155742	0	1.25105155742	0	0	2
6	0.0370558750278	0.4581586846	0	6	0	2	0	1.16565688489	0	0.76829900886	0	0	2
4	0.0749639722999	0.301060574527	0	4	0	1	0	0.675453094693	0	0.301060574527	0	0	2
